1.000000000000000056e-01 5.540703147724826416e-02
1.004620421346812675e-01 5.506234414627299983e-02
1.009262190987047642e-01 5.485059856501649928e-02
1.013925407558815134e-01 5.477794658807402101e-02
1.018610170155975769e-01 5.481737325773870795e-02
1.023316578330244891e-01 5.491354071040998458e-02
1.028044732093309210e-01 5.500047740923154349e-02
1.032794731918951769e-01 5.501052537388301245e-02
1.037566678745185655e-01 5.489795482854099851e-02
1.042360673976401725e-01 5.464371100135073656e-02
1.047176819485520216e-01 5.426452912726748706e-02
1.052015217616158460e-01 5.381157334525587393e-02
1.056875971184804280e-01 5.335225761704529002e-02
1.061759183482999802e-01 5.295859337523236426e-02
1.066664958279539277e-01 5.268282421398140514e-02
1.071593399822671072e-01 5.255102828987647662e-02
1.076544612842315340e-01 5.255147574416210721e-02
1.081518702552288352e-01 5.263412414371664017e-02
1.086515774652538069e-01 5.272895469760077031e-02
1.091535935331391649e-01 5.276215081941389162e-02
1.096579291267809897e-01 5.267689827307313333e-02
1.101645949633656418e-01 5.244727551830020290e-02
1.106736018095973717e-01 5.208641104703180813e-02
1.111849604819270670e-01 5.164744337387206646e-02
1.116986818467823189e-01 5.120389431086299487e-02
1.122147768207980290e-01 5.083108300728122336e-02
1.127332563710486818e-01 5.058700114965813260e-02
1.132541315152811728e-01 5.049035431889922071e-02
1.137774133221491069e-01 5.051819989271106454e-02
1.143031129114479155e-01 5.061095587193078366e-02
1.148312414543511129e-01 5.069001811990382633e-02
1.153618101736478274e-01 5.067926567473563654e-02
1.158948303439810978e-01 5.052786629996357942e-02
1.164303132920876532e-01 5.023021263133507081e-02
1.169682703970385262e-01 4.982595351715310428e-02
1.175087130904807486e-01 4.938858145341171874e-02
1.180516528568805179e-01 4.900011098657163638e-02
1.185971012337669744e-01 4.872984593567538519e-02
1.191450698119776025e-01 4.861043034448030847e-02
1.196955702359043389e-01 4.862735823748743497e-02
1.202486142037412220e-01 4.871570907522669580e-02
1.208042134677328600e-01 4.879506323402994783e-02
1.213623798344240778e-01 4.878067607083912821e-02
1.219231251649110781e-01 4.862204909639637751e-02
1.224864613750931419e-01 4.831734443473974933e-02
1.230524004359261625e-01 4.791201998946998525e-02
1.236209543736768862e-01 4.749014474255255219e-02
1.241921352701783610e-01 4.713890577927770664e-02
1.247659552630869806e-01 4.692393231746889298e-02
1.253424265461400011e-01 4.686336132916846253e-02
1.259215613694150970e-01 4.692189065396819986e-02
1.265033720395903616e-01 4.701263352012265140e-02
1.270878709202058476e-01 4.705218581321865545e-02
1.276750704319265795e-01 4.695981794021945877e-02
1.282649830528060642e-01 4.671191706529988219e-02
1.288576213185518016e-01 4.634050787314893116e-02
1.294529978227915712e-01 4.592583878620188492e-02
1.300511252173408849e-01 4.556164203311749428e-02
1.306520162124721329e-01 4.532670846536855647e-02
1.312556835771843400e-01 4.524957801488172643e-02
1.318621401394748371e-01 4.530000728281633610e-02
1.324713987866117104e-01 4.538976069473302927e-02
1.330834724654074985e-01 4.542789350421762989e-02
1.336983741824946670e-01 4.532940802088900739e-02
1.343161170046016095e-01 4.507153830955396012e-02
1.349367140588306480e-01 4.469560827828346350e-02
1.355601785329368647e-01 4.429420598625104233e-02
1.361865236756081843e-01 4.396443406527197895e-02
1.368157627967472034e-01 4.378168515450328591e-02
1.374479092677537428e-01 4.375598687222864713e-02
1.380829765218092309e-01 4.383225244638945528e-02
1.387209780541620585e-01 4.391104307115981792e-02
1.393619274224142390e-01 4.388963776384888910e-02
1.400058382468097606e-01 4.371216856277851392e-02
1.406527242105237163e-01 4.338795113262463449e-02
1.413025990599533765e-01 4.299421926786083786e-02
1.419554766050101224e-01 4.263653761224354272e-02
1.426113707194128777e-01 4.240954771915196597e-02
1.432702953409830948e-01 4.234674869134996689e-02
1.439322644719407129e-01 4.240832338208201657e-02
1.445972921792019472e-01 4.249099749767935863e-02
1.452653925946780777e-01 4.249051684284811670e-02
1.459365799155756538e-01 4.233121480335379216e-02
1.466108684046984467e-01 4.201707045911899641e-02
1.472882723907502633e-01 4.163429202173151572e-02
1.479688062686396188e-01 4.128672649773749981e-02
1.486524844997856865e-01 4.107855479802423326e-02
1.493393216124252187e-01 4.103802291316771544e-02
1.500293322019218278e-01 4.110909491391451925e-02
1.507225309310756267e-01 4.118200094790847032e-02
1.514189325304352018e-01 4.114630962375464412e-02
1.521185517986104463e-01 4.094246973444736620e-02
1.528214036025870026e-01 4.059976514503535472e-02
1.535275028780422601e-01 4.022623552344688908e-02
1.542368646296628232e-01 3.993338697630888917e-02
1.549495039314631728e-01 3.980552049580272922e-02
1.556654359271061605e-01 3.983403634746873756e-02
1.563846758302246953e-01 3.991568312833358029e-02
1.571072389247450407e-01 3.993999890229274485e-02
1.578331405652117214e-01 3.980533295411877587e-02
1.585623961771137069e-01 3.950684476748086982e-02
1.592950212572122604e-01 3.914022726157323495e-02
1.600310313738700918e-01 3.881962622590130751e-02
1.607704421673823714e-01 3.865482333562281908e-02
1.615132693503090466e-01 3.865825081117364725e-02
1.622595287078087423e-01 3.873776273670544862e-02
1.630092360979740751e-01 3.877488207991330177e-02
1.637624074521688011e-01 3.865697573514654400e-02
1.645190587753662392e-01 3.837136184509278708e-02
1.652792061464894713e-01 3.801078054336405609e-02
1.660428657187530133e-01 3.770100424669325934e-02
1.668100537200058742e-01 3.755123399296889097e-02
1.675807864530767799e-01 3.756736050615387679e-02
1.683550802961202297e-01 3.764851548235016027e-02
1.691329517029648011e-01 3.766196186634272747e-02
1.699144172034626477e-01 3.750794258893908051e-02
1.706994934038407463e-01 3.719654284233225167e-02
1.714881969870540035e-01 3.684337190383693561e-02
1.722805447131393886e-01 3.658544171175262538e-02
1.730765534195724820e-01 3.650473026941956217e-02
1.738762400216250781e-01 3.656254039875195955e-02
1.746796215127245366e-01 3.663008342661962929e-02
1.754867149648151048e-01 3.657004996253106210e-02
1.762975375287205715e-01 3.632958363329309021e-02
1.771121064345087814e-01 3.598716651847922582e-02
1.779304389918577867e-01 3.567701300665523240e-02
1.787525525904234969e-01 3.552665311403770121e-02
1.795784647002095780e-01 3.554734238968931120e-02
1.804081928719382666e-01 3.562390081145717924e-02
1.812417547374236826e-01 3.561397711867962668e-02
1.820791680099462795e-01 3.542301247864070024e-02
1.829204504846293211e-01 3.509519055393403586e-02
1.837656200388171346e-01 3.477356845448714706e-02
1.846146946324547511e-01 3.460024254993819548e-02
1.854676923084698503e-01 3.460687398206771515e-02
1.863246311931560373e-01 3.468123802728274169e-02
1.871855294965578675e-01 3.467907682395790503e-02
1.880504055128582597e-01 3.449429643487925135e-02
1.889192776207666291e-01 3.417156982650960961e-02
1.897921642839100476e-01 3.386022380872104331e-02
1.906690840512252350e-01 3.370225307302802259e-02
1.915500555573527997e-01 3.372273209315092279e-02
1.924350975230331162e-01 3.379627273356088785e-02
1.933242287555045347e-01 3.376430900370465393e-02
1.942174681489025334e-01 3.354246328606366040e-02
1.951148346846616755e-01 3.321689143986805703e-02
1.960163474319185639e-01 3.293917344291467236e-02
1.969220255479172399e-01 3.284099998259270431e-02
1.978318882784164401e-01 3.289685256748906689e-02
1.987459549580982698e-01 3.295006326502047250e-02
1.996642450109794020e-01 3.284534567878927974e-02
2.005867779508233861e-01 3.256436557898803597e-02
2.015135733815557606e-01 3.224624001111237037e-02
2.024446509976803865e-01 3.205216178461928189e-02
2.033800305846981127e-01 3.204922339385331276e-02
2.043197320195271061e-01 3.212121781295888823e-02
2.052637752709252084e-01 3.209782407455949449e-02
2.062121803999143466e-01 3.187825872056342102e-02
2.071649675602068863e-01 3.156083675320261323e-02
2.081221569986338171e-01 3.131263913306402830e-02
2.090837690555750472e-01 3.125741394667662376e-02
2.100498241653915299e-01 3.132527417055479962e-02
2.110203428568595552e-01 3.134045440782382702e-02
2.119953457536070951e-01 3.116334457794589854e-02
2.129748535745520088e-01 3.085618955711134925e-02
2.139588871343422183e-01 3.058957938082394398e-02
2.149474673437980488e-01 3.051098252098519495e-02
2.159406152103566512e-01 3.057369037492715241e-02
2.169383518385184229e-01 3.059806617595972958e-02
2.179406984302954819e-01 3.043140910526127146e-02
2.189476762856621128e-01 3.012992834299930978e-02
2.199593068030074872e-01 2.986889364007721051e-02
2.209756114795902171e-01 2.980099733006563029e-02
2.219966119119954895e-01 2.986506650589557457e-02
2.230223297965937546e-01 2.987461226986105195e-02
2.240527869300018848e-01 2.968709969702131024e-02
2.250880052095461659e-01 2.938312977763061010e-02
2.261280066337278405e-01 2.915200425267233317e-02
2.271728133026905128e-01 2.912627039902117645e-02
2.282224474186897445e-01 2.918952822646063081e-02
2.292769312865649278e-01 2.915613733428889728e-02
2.303362873142131284e-01 2.891869303611336456e-02
2.314005380130652878e-01 2.862005289623955478e-02
2.324697059985647851e-01 2.845714993120150929e-02
2.335438139906478860e-01 2.848609523575400260e-02
2.346228848142263013e-01 2.853520123775344156e-02
2.357069413996727703e-01 2.841422889928508014e-02
2.367960067833077553e-01 2.813098083476268246e-02
2.378901041078893275e-01 2.787773223287488833e-02
2.389892566231049675e-01 2.782416846386001619e-02
2.400934876860652545e-01 2.788818334379650904e-02
2.412028207618006903e-01 2.786293878430327539e-02
2.423172794237599403e-01 2.763095939196954370e-02
2.434368873543110434e-01 2.734334428104352732e-02
2.445616683452445927e-01 2.720734906799417499e-02
2.456916462982790816e-01 2.725050587667986884e-02
2.468268452255692469e-01 2.727549496187844577e-02
2.479672892502158832e-01 2.710051372954009469e-02
2.491130026067788494e-01 2.681332588725541394e-02
2.502640096417918514e-01 2.662571506146760303e-02
2.514203348142797223e-01 2.664606198785891139e-02
2.525820026962784515e-01 2.669435109506224438e-02
2.537490379733570167e-01 2.656026995549765415e-02
2.549214654451423256e-01 2.627785843011661016e-02
2.560993100258458499e-01 2.606579241235882846e-02
2.572825967447933682e-01 2.606649859079964923e-02
2.584713507469563742e-01 2.611675965479909670e-02
2.596655972934870937e-01 2.599839818295668695e-02
2.608653617622547771e-01 2.572467466548585338e-02
2.620706696483851572e-01 2.551573076279042840e-02
2.632815465648021269e-01 2.552027906099782126e-02
2.644980182427719706e-01 2.556772471116876971e-02
2.657201105324505375e-01 2.543441412761688128e-02
2.669478494034320804e-01 2.515735663789479826e-02
2.681812609453014806e-01 2.496810723253689926e-02
2.694203713681883605e-01 2.499215922838873838e-02
2.706652070033241375e-01 2.502856009115780531e-02
2.719157943036017433e-01 2.486100274998888360e-02
2.731721598441376186e-01 2.458612168841063997e-02
2.744343303228364839e-01 2.444408777121187884e-02
2.757023325609583853e-01 2.448865833043704573e-02
2.769761935036890721e-01 2.448674637666435963e-02
2.782559402207124277e-01 2.426933862507455256e-02
2.795415999067856205e-01 2.401500205713290315e-02
2.808331998823171971e-01 2.395499691163131828e-02
2.821307675939472293e-01 2.400405207171082619e-02
2.834343306151309028e-01 2.392317294796495949e-02
2.847439166467246041e-01 2.366432065041220584e-02
2.860595535175741722e-01 2.347291723238830591e-02
2.873812691851065360e-01 2.349367492033934898e-02
2.887090917359236286e-01 2.351598113429677339e-02
2.900430493863991877e-01 2.332228539747491919e-02
2.913831704832787195e-01 2.306528981176326001e-02
2.927294835042815735e-01 2.299737479882927108e-02
2.940820170587062909e-01 2.305093681606348172e-02
2.954407998880381192e-01 2.296177066258436872e-02
2.968058608665602449e-01 2.270207981818600854e-02
2.981772290019671923e-01 2.253627979875582818e-02
2.995549334359813298e-01 2.257512371916714153e-02
3.009390034449720419e-01 2.256910589242549711e-02
3.023294684405777866e-01 2.233990986287094291e-02
3.037263579703311511e-01 2.211215824786453774e-02
3.051297017182869054e-01 2.211278084520125128e-02
3.065395295056526637e-01 2.214871775506734031e-02
3.079558712914226004e-01 2.196695612160745256e-02
3.093787571730138297e-01 2.171765252724750309e-02
3.108082173869063936e-01 2.166990763202785233e-02
3.122442823092856368e-01 2.171815902079318392e-02
3.136869824566877463e-01 2.158149056823710499e-02
3.151363484866478437e-01 2.132778370797736370e-02
3.165924111983522415e-01 2.124576587872938072e-02
3.180552015332919757e-01 2.129628260151347069e-02
3.195247505759211681e-01 2.118573673387781631e-02
3.210010895543172205e-01 2.093379564626136544e-02
3.224842498408441172e-01 2.083748598382981904e-02
3.239742629528197249e-01 2.088681523439684870e-02
3.254711605531848129e-01 2.078232067627202098e-02
3.269749744511766254e-01 2.053419237832217539e-02
3.284857366030044523e-01 2.044314881526572772e-02
3.300034791125284195e-01 2.048909241895575939e-02
3.315282342319424980e-01 2.037211687289368703e-02
3.330600343624588455e-01 2.013198559666631859e-02
3.345989120549973106e-01 2.006122786247540105e-02
3.361449000108766016e-01 2.009854418035919577e-02
3.376980310825090648e-01 1.996104859426577408e-02
3.392583382740993470e-01 1.972838812396241967e-02
3.408258547423451690e-01 1.968677271232904119e-02
3.424006137971423724e-01 1.971832764615566100e-02
3.439826489022925204e-01 1.954254819513245520e-02
3.455719936762138289e-01 1.932537437983576634e-02
3.471686818926561502e-01 1.933117707848300976e-02
3.487727474814177331e-01 1.933398223921871384e-02
3.503842245290674229e-01 1.911201694775456830e-02
3.520031472796679717e-01 1.894973732189176446e-02
3.536295501355041782e-01 1.899287717262894415e-02
3.552634676578141359e-01 1.891623093823161655e-02
3.569049345675229801e-01 1.867908377602478867e-02
3.585539857459816293e-01 1.861586968352497637e-02
3.602106562357070829e-01 1.864865794068109109e-02
3.618749812411279354e-01 1.848019084976105023e-02
3.635469961293319452e-01 1.827790607238034479e-02
3.652267364308175446e-01 1.829019330425812537e-02
3.669142378402492910e-01 1.826606711581667611e-02
3.686095362172158718e-01 1.804110037411137818e-02
3.703126675869926054e-01 1.793307929448515955e-02
3.720236681413067736e-01 1.797795474482830405e-02
3.737425742391063954e-01 1.782465591429213334e-02
3.754694224073336084e-01 1.761893663332946350e-02
3.772042493416998266e-01 1.764069533542330162e-02
3.789470919074666710e-01 1.759676357383795769e-02
3.806979871402286220e-01 1.737704941203275372e-02
3.824569722466998889e-01 1.729741766765615502e-02
3.842240846055060000e-01 1.733304620740264146e-02
3.859993617679768341e-01 1.715428841147028163e-02
3.877828414589456485e-01 1.698501502504382726e-02
3.895745615775503268e-01 1.702393631826777318e-02
3.913745601980384015e-01 1.691753681734739848e-02
3.931828755705769063e-01 1.670675505494411545e-02
3.949995461220643933e-01 1.670773232129512537e-02
3.968246104569480570e-01 1.668097264322225895e-02
3.986581073580440782e-01 1.646518201122888075e-02
4.005000757873611317e-01 1.639722514085638350e-02
4.023505548869292237e-01 1.641690183702801745e-02
4.042095839796306933e-01 1.621777783745447302e-02
4.060772025700365440e-01 1.611127281165822614e-02
4.079534503452451055e-01 1.613741232270343023e-02
4.098383671757261371e-01 1.598209331169310118e-02
4.117319931161678159e-01 1.582125226067238391e-02
4.136343684063274462e-01 1.586090914910778110e-02
4.155455334718875515e-01 1.572923302804963772e-02
4.174655289253136892e-01 1.554569824240827416e-02
4.193943955667186474e-01 1.558275481752902786e-02
4.213321743847288081e-01 1.548559587324358812e-02
4.232789065573549503e-01 1.528882021758894323e-02
4.252346334528682159e-01 1.530923828501025256e-02
4.271993966306779078e-01 1.522265206399507978e-02
4.291732378422157268e-01 1.502685814030977306e-02
4.311561990318227289e-01 1.504620837687332957e-02
4.331483223376399461e-01 1.497252055845982484e-02
4.351496500925050026e-01 1.477582327795063169e-02
4.371602248248504519e-01 1.479113497211952642e-02
4.391800892596086081e-01 1.470347819257538692e-02
4.412092863191188763e-01 1.451724982452931405e-02
4.432478591240396892e-01 1.453530283280661355e-02
4.452958509942655518e-01 1.444360905966144554e-02
4.473533054498465278e-01 1.426961999309503577e-02
4.494202662119142211e-01 1.430137543120908218e-02
4.514967772036100890e-01 1.417774098000258894e-02
4.535828825510187512e-01 1.402450202338255576e-02
4.556786265841064054e-01 1.405519717910038574e-02
4.577840538376618529e-01 1.390015903296334780e-02
4.598992090522438514e-01 1.378999884155811956e-02
4.620241371751311887e-01 1.381551998507351588e-02
4.641588833612778631e-01 1.363501138037470466e-02
4.663034929742731483e-01 1.357435631919978909e-02
4.684580115873047679e-01 1.356207567538644972e-02
4.706224849841281754e-01 1.336482189568074207e-02
4.727969591600389432e-01 1.335581856264190723e-02
4.749814803228500915e-01 1.328829526867488821e-02
4.771760948938745805e-01 1.311813566774390136e-02
4.793808495089109112e-01 1.314326617702298895e-02
4.815957910192352198e-01 1.301397359215901960e-02
4.838209664925955944e-01 1.290256434692594635e-02
4.860564232142134955e-01 1.292195908857250719e-02
4.883022086877880086e-01 1.274005091516157429e-02
4.905583706365048147e-01 1.270960537171764333e-02
4.928249570040514338e-01 1.265751272727694623e-02
4.951020159556350220e-01 1.248545252032435583e-02
4.973895958790063854e-01 1.250846641333421688e-02
4.996877453854883799e-01 1.236630885156672806e-02
5.019965133110081412e-01 1.228351486371373653e-02
5.043159487171360311e-01 1.228028987369297019e-02
5.066461008921266940e-01 1.210425459567779187e-02
5.089870193519681063e-01 1.211606192739044657e-02
5.113387538414325695e-01 1.200567959656132465e-02
5.137013543351340861e-01 1.189670306486254742e-02
5.160748710385908433e-01 1.189814541642940197e-02
5.184593543892911383e-01 1.173025647625405669e-02
5.208548550577661862e-01 1.172284949913700129e-02
5.232614239486661489e-01 1.162105924932890257e-02
5.256791122018421580e-01 1.151046539456599196e-02
5.281079711934332233e-01 1.151430236303910802e-02
5.305480525369572486e-01 1.134529375076591753e-02
5.329994080844089321e-01 1.135475371352537115e-02
5.354620899273607737e-01 1.123694584999765551e-02
5.379361503980700787e-01 1.115910844416456021e-02
5.404216420705916235e-01 1.114154294330814941e-02
5.429186177618940956e-01 1.098825630329458743e-02
5.454271305329833064e-01 1.101140942206027193e-02
5.479472336900287344e-01 1.085832224661232269e-02
5.504789807854970629e-01 1.083299595010119021e-02
5.530224256192901588e-01 1.075061998982963611e-02
5.555776222398876030e-01 1.064639445644541271e-02
5.581446249454963260e-01 1.063936517295437957e-02
5.607234882852032420e-01 1.048374147922600218e-02
5.633142670601354318e-01 1.049600062511332581e-02
5.659170163246244334e-01 1.034152567344964573e-02
5.685317913873751960e-01 1.033001549711727411e-02
5.711586478126432498e-01 1.023793838818528625e-02
5.737976414214134291e-01 1.015801697534876591e-02
5.764488282925875895e-01 1.012314008696666226e-02
5.791122647641759880e-01 9.991009707205426513e-03
5.817880074344934371e-01 1.000367906898543338e-02
5.844761131633634532e-01 9.852826031073401089e-03
5.871766390733255125e-01 9.864213304887963982e-03
5.898896425508496355e-01 9.725407070315333566e-03
5.926151812475554115e-01 9.717771294168687721e-03
5.953533130814369079e-01 9.608760311492735295e-03
5.981040962380941295e-01 9.570278513236427087e-03
6.008675891719686968e-01 9.495768813823721871e-03
6.036438506075867405e-01 9.412367347052329192e-03
6.064329395408063483e-01 9.380553885296445335e-03
6.092349152400710066e-01 9.267623947144120952e-03
6.120498372476699256e-01 9.260526963445991216e-03
6.148777653810023613e-01 9.133552277055853597e-03
6.177187597338491543e-01 9.135280927895983102e-03
6.205728806776501516e-01 9.003701005599122967e-03
6.234401888627861821e-01 9.006184187575141595e-03
6.263207452198689129e-01 8.876081410367782365e-03
6.292146109610343707e-01 8.875294448320802942e-03
6.321218475812451221e-01 8.749282346601057470e-03
6.350425168595963399e-01 8.744909359428449172e-03
6.379766808606280870e-01 8.622250158490978728e-03
6.409244019356453714e-01 8.617095862676041676e-03
6.438857427240419762e-01 8.495237069821344120e-03
6.468607661546326160e-01 8.491884875769014490e-03
6.498495354469889795e-01 8.368303835800991464e-03
6.528521141127845429e-01 8.369511368469223500e-03
6.558685659571431570e-01 8.243150690948473219e-03
6.588989550799949635e-01 8.248941201151258062e-03
6.619433458774393042e-01 8.121832038689873190e-03
6.650018030431119609e-01 8.129132296316222278e-03
6.680743915695612767e-01 8.005449950922085417e-03
6.711611767496283854e-01 8.008014807959547288e-03
6.742622241778342129e-01 7.894494611744018453e-03
6.773775997517750280e-01 7.892600033343624352e-03
6.805073696735207678e-01 7.782293054093161397e-03
6.836516004510236888e-01 7.778453114275564115e-03
6.868103588995303488e-01 7.675934887191754666e-03
6.899837121430018039e-01 7.661911255494396021e-03
6.931717276155405782e-01 7.574792347183809810e-03
6.963744730628224078e-01 7.530976709549829472e-03
6.995920165435373095e-01 7.474822209195241748e-03
7.028244264308348699e-01 7.395037265026737673e-03
7.060717714137773049e-01 7.361411907761222957e-03
7.093341204987995141e-01 7.263410895878871613e-03
7.126115430111746862e-01 7.249892576258088958e-03
7.159041085964886753e-01 7.138385649264740625e-03
7.192118872221189285e-01 7.137610808537024620e-03
7.225349491787214085e-01 7.038892161542639227e-03
7.258733650817251748e-01 7.019452403950209030e-03
7.292272058728315187e-01 6.957980049892771232e-03
7.325965428215229780e-01 6.908027802693060201e-03
7.359814475265766820e-01 6.880696028605533254e-03
7.393819919175865785e-01 6.779683212786442870e-03
7.427982482564916555e-01 6.771864510817723025e-03
7.462302891391109361e-01 6.667371320507303918e-03
7.496781874966876869e-01 6.642565563335962528e-03
7.531420165974371805e-01 6.564292199498536831e-03
7.566218500481054487e-01 6.506206286191702770e-03
7.601177617955328092e-01 6.493269030660272362e-03
7.636298261282243871e-01 6.406654898910648516e-03
7.671581176779301847e-01 6.405414059673241074e-03
7.707027114212299246e-01 6.325482512207832898e-03
7.742636826811269968e-01 6.274420365283297704e-03
7.778411071286488454e-01 6.232253504479947498e-03
7.814350607844543495e-01 6.136660785693704052e-03
7.850456200204509738e-01 6.126929290907413318e-03
7.886728615614151394e-01 6.051400813581141874e-03
7.923168624866253618e-01 6.016476377034616838e-03
7.959777002314983863e-01 6.000493863082841280e-03
7.996554525892348719e-01 5.910064898587598890e-03
8.033501977124734017e-01 5.886743999166123807e-03
8.070620141149503768e-01 5.814457605328789136e-03
8.107909806731686819e-01 5.741672709605990035e-03
8.145371766280743442e-01 5.736391094710190618e-03
8.183006815867391870e-01 5.667211841469481023e-03
8.220815755240540312e-01 5.639868220200421403e-03
8.258799387844267814e-01 5.608811385435463065e-03
8.296958520834906148e-01 5.512954961748607434e-03
8.335293965098193869e-01 5.477941180541109033e-03
8.373806535266491435e-01 5.441419956721190408e-03
8.412497049736118448e-01 5.378229067874449980e-03
8.451366330684717543e-01 5.373061295289221183e-03
8.490415204088747059e-01 5.315179592152482167e-03
8.529644499741022567e-01 5.231022904522614030e-03
8.569055051268349432e-01 5.208947076198507803e-03
8.608647696149244188e-01 5.161003534142182686e-03
8.648423275731722537e-01 5.112687093097014780e-03
8.688382635251186148e-01 5.102130737497853445e-03
8.728526623848377186e-01 5.030899026498722622e-03
8.768856094587428318e-01 4.951197133890423117e-03
8.809371904473990433e-01 4.943959633407286197e-03
8.850074914473433640e-01 4.915515517480941420e-03
8.890965989529160396e-01 4.848382331633226128e-03
8.932045998580966373e-01 4.811631997451726490e-03
8.973315814583522343e-01 4.763711569486368987e-03
9.014776314524917122e-01 4.707041098597387549e-03
9.056428379445289334e-01 4.691959141308470020e-03
9.098272894455560200e-01 4.660965260639061969e-03
9.140310748756229620e-01 4.578161247669710991e-03
9.182542835656284375e-01 4.532993071614941326e-03
9.224970052592174063e-01 4.533910867323792150e-03
9.267593301146878071e-01 4.487633742779481572e-03
9.310413487069078009e-01 4.409395048850598027e-03
9.353431520292384560e-01 4.378703723624283173e-03
9.396648314954693104e-01 4.366673001919217992e-03
9.440064789417603741e-01 4.313952957069423950e-03
9.483681866285922357e-01 4.253610642167245277e-03
9.527500472427292699e-01 4.225710708269788014e-03
9.571521538991862865e-01 4.199294093270950975e-03
9.615746001432098344e-01 4.149447369268780168e-03
9.660174799522646127e-01 4.102106816634645652e-03
9.704808877380302068e-01 4.071568620042150671e-03
9.749649183484089265e-01 4.037597674180048134e-03
9.794696670695393070e-01 3.992747685115854289e-03
9.839952296278231536e-01 3.952047294896754784e-03
9.885417021919573610e-01 3.918840466751708287e-03
9.931091813749796104e-01 3.882304284270364243e-03
9.976977642363203946e-01 3.841423958934359062e-03
1.002307548283865479e+00 3.803807427032035796e-03
1.006938631476027579e+00 3.769290675011092821e-03
1.011591112223829692e+00 3.732539895925753720e-03
1.016265089392994758e+00 3.694321351524771074e-03
1.020960662306046540e+00 3.658310792496221112e-03
1.025677930744421928e+00 3.623548298099128588e-03
1.030416994950587917e+00 3.587462178818241493e-03
1.035177955630176339e+00 3.551080108140428765e-03
1.039960913954119714e+00 3.516157204284574723e-03
1.044765971560804196e+00 3.481737739493308541e-03
1.049593230558227619e+00 3.446595809548469707e-03
1.054442793526168876e+00 3.411614392857142963e-03
1.059314763518369951e+00 3.377616309496790994e-03
1.064209244064724169e+00 3.343830948156784316e-03
1.069126339173475992e+00 3.309701943044998391e-03
1.074066153333433471e+00 3.275898272208575737e-03
1.079028791516184249e+00 3.242778453033608003e-03
1.084014359178330889e+00 3.209765850738358507e-03
1.089022962263729966e+00 3.176649462175169369e-03
1.094054707205742494e+00 3.143903813495373036e-03
1.099109700929497224e+00 3.111650120194986435e-03
1.104188050854160830e+00 3.079477137442410487e-03
1.109289864895222744e+00 3.047348875985866814e-03
1.114415251466787549e+00 3.015588299370658074e-03
1.119564319483878245e+00 2.984198481045365840e-03
1.124737178364751955e+00 2.952894559579556481e-03
1.129933938033222285e+00 2.921724292032515467e-03
1.135154708920999012e+00 2.890899792986771893e-03
1.140399601970032428e+00 2.860370832471243515e-03
1.145668728634871458e+00 2.829944937144904683e-03
1.150962200885032205e+00 2.799702975601648779e-03
1.156280131207376050e+00 2.769774999245618995e-03
1.161622632608501959e+00 2.740103489218388699e-03
1.166989818617146790e+00 2.710566000623699200e-03
1.172381803286598467e+00 2.681205261359018068e-03
1.177798701197119158e+00 2.652170715153568444e-03
1.183240627458378658e+00 2.623327978001575942e-03
1.188707697711903322e+00 2.594631304257823817e-03
1.194200028133531877e+00 2.566172519540921380e-03
1.199717735435884336e+00 2.537979424992627131e-03
1.205260936870842681e+00 2.509972260405593427e-03
1.210829750232039981e+00 2.482126735096804905e-03
1.216424293857367944e+00 2.454518936121744509e-03
1.222044686631488020e+00 2.427154422174017043e-03
1.227691047988359152e+00 2.399966946435552664e-03
1.233363497913775975e+00 2.372955027000757909e-03
1.239062156947916327e+00 2.346177989065302821e-03
1.244787146187906091e+00 2.319625108387456634e-03
1.250538587290390691e+00 2.293244650100938198e-03
1.256316602474120803e+00 2.267049933029066915e-03
1.262121314522547388e+00 2.241084667479225929e-03
1.267952846786434495e+00 2.215328307859324320e-03
1.273811323186478495e+00 2.189743034921864950e-03
1.279696868215940864e+00 2.164350368172293215e-03
1.285609606943295846e+00 2.139180202168059711e-03
1.291549665014884107e+00 2.114207262766547996e-03
1.297517168657587483e+00 2.089406376116141519e-03
1.303512244681508836e+00 2.064802278476563120e-03
1.309535020482667012e+00 2.040413000890720259e-03
1.315585624045704449e+00 2.016212373043334803e-03
1.321664183946605231e+00 1.992186280912865842e-03
1.327770829355429782e+00 1.968359001961662424e-03
1.333905690039058678e+00 1.944738820127582708e-03
1.340068896363949991e+00 1.921301385126932557e-03
1.346260579298910409e+00 1.898041524762988106e-03
1.352480870417875458e+00 1.874980834261187742e-03
1.358729901902709924e+00 1.852120110065584102e-03
1.365007806546013835e+00 1.829438339236024108e-03
1.371314717753944867e+00 1.806936998690603828e-03
1.377650769549054299e+00 1.784633925611535865e-03
1.384016096573131627e+00 1.762524529754045874e-03
1.390410834090070491e+00 1.740591849874473414e-03
1.396835117988739716e+00 1.718841845830990133e-03
1.403289084785872332e+00 1.697288186148646983e-03
1.409772871628967028e+00 1.675922741630445686e-03
1.416286616299198720e+00 1.654732829934012477e-03
1.422830457214352640e+00 1.633726966351431008e-03
1.429404533431761104e+00 1.612914627164194507e-03
1.436008984651259812e+00 1.592285708011841570e-03
1.442643951218158138e+00 1.571831750167355197e-03
1.449309574126216527e+00 1.551562169781020442e-03
1.456005995020649202e+00 1.531482453795309298e-03
1.462733356201129986e+00 1.511581861449189015e-03
1.469491800624816547e+00 1.491855789879989154e-03
1.476281471909390186e+00 1.472313283112338311e-03
1.483102514336104516e+00 1.452956274770075655e-03
1.489955072852854556e+00 1.433774420241940061e-03
1.496839293077255606e+00 1.414766283053279193e-03
1.503755321299737657e+00 1.395939756370540323e-03
1.510703304486654908e+00 1.377293829438757831e-03
1.517683390283405265e+00 1.358819219821178013e-03
1.524695727017573832e+00 1.340516865375076866e-03
1.531740463702079724e+00 1.322393090319700770e-03
1.538817750038345533e+00 1.304444610177272947e-03
1.545927736419477672e+00 1.286663632342974596e-03
1.553070573933460041e+00 1.269052670345937510e-03
1.560246414366368795e+00 1.251616312640478493e-03
1.567455410205595090e+00 1.234349672249751345e-03
1.574697714643085833e+00 1.217246722458055139e-03
1.581973481578600627e+00 1.200310803084667349e-03
1.589282865622978047e+00 1.183544770074465048e-03
1.596626022101425901e+00 1.166942784972949728e-03
1.604003107056819921e+00 1.150500734298239231e-03
1.611414277253019112e+00 1.134222150860334909e-03
1.618859690178198418e+00 1.118108238473580112e-03
1.626339504048192275e+00 1.102152895207845693e-03
1.633853877809861244e+00 1.086353808593462124e-03
1.641402971144466427e+00 1.070714310778090499e-03
1.648986944471064975e+00 1.055234136524740678e-03
1.656605958949914470e+00 1.039907493544093686e-03
1.664260176485903520e+00 1.024733610847914462e-03
1.671949759731989227e+00 1.009715407446883746e-03
1.679674872092653093e+00 9.948514200354252168e-04
1.687435677727375793e+00 9.801365881187931901e-04
1.695232341554120614e+00 9.655713598649273829e-04
1.703065029252844420e+00 9.511581371973163498e-04
1.710933907269014398e+00 9.368945723721947439e-04
1.718839142817145671e+00 9.227766288206154131e-04
1.726780903884356011e+00 9.088056243780262208e-04
1.734759359233931653e+00 8.949833965229145663e-04
1.742774678408919087e+00 8.813070364271587175e-04
1.750827031735724182e+00 8.677737086587241104e-04
1.758916590327732621e+00 8.543852475800492756e-04
1.767043526088946548e+00 8.411428918334002249e-04
1.775208011717635204e+00 8.280435090912466843e-04
1.783410220710007987e+00 8.150854815802432464e-04
1.791650327363900397e+00 8.022708687603701764e-04
1.799928506782476401e+00 7.896002656479329069e-04
1.808244934877951682e+00 7.770706488249198287e-04
1.816599788375327762e+00 7.646814660152056109e-04
1.824993244816152327e+00 7.524347859436569027e-04
1.833425482562289766e+00 7.403305710434919876e-04
1.841896680799710806e+00 7.283661284215731113e-04
1.850407019542302134e+00 7.165417546366414881e-04
1.858956679635687337e+00 7.048593544408609472e-04
1.867545842761076047e+00 6.933183179813690511e-04
1.876174691439120412e+00 6.819164208611001692e-04
1.884843409033795325e+00 6.706545636244870545e-04
1.893552179756295306e+00 6.595343606338468188e-04
1.902301188668944709e+00 6.485547263144693679e-04
1.911090621689137903e+00 6.377139987862736692e-04
1.919920665593283893e+00 6.270134374774955768e-04
1.928791508020777812e+00 6.164542971248497929e-04
1.937703337477988841e+00 6.060351490632990244e-04
1.946656343342262341e+00 5.957549693604328404e-04
1.955650715865949074e+00 5.856151713934891869e-04
1.964686646180445528e+00 5.756166229341969955e-04
1.973764326300255334e+00 5.657577651084270921e-04
1.982883949127071332e+00 5.560382201126434082e-04
1.992045708453870301e+00 5.464594623961461194e-04
2.001249798969037208e+00 5.370219990597804817e-04
2.010496416260497909e+00 5.277243938767557868e-04
2.019785756819878486e+00 5.185668948157992923e-04
2.029118018046677907e+00 5.095510339809321233e-04
2.038493398252463340e+00 5.006770584411424866e-04
2.047912096665085446e+00 4.919439003507374356e-04
2.057374313432912771e+00 4.833524142995241474e-04
2.066880249629082122e+00 4.749042364660910711e-04
2.076430107255774704e+00 4.665995064388144919e-04
2.086024089248503799e+00 4.584377352460987202e-04
2.095662399480433091e+00 4.504203620859505109e-04
2.105345242766705205e+00 4.425491693297430788e-04
2.115072824868794665e+00 4.348243609768733886e-04
2.124845352498883067e+00 4.272461554362401545e-04
2.134663033324244452e+00 4.198165288143643615e-04
2.144526075971667556e+00 4.125373869242125974e-04
2.154434690031883370e+00 4.054091429541307589e-04
2.164389086064020251e+00 3.984327154065160333e-04
2.174389475600079891e+00 3.916104990325128764e-04
2.184436071149427505e+00 3.849444055721203952e-04
2.194529086203313550e+00 3.784350900480034957e-04
2.204668735239408761e+00 3.720840032797587994e-04
2.214855233726359174e+00 3.658937021810664404e-04
2.225088798128369572e+00 3.598659035498382591e-04
2.235369645909795366e+00 3.540013228119790259e-04
2.245697995539774006e+00 3.483016253708450319e-04
2.256074066496860375e+00 3.427690978289998219e-04
2.266498079273694177e+00 3.374049467695429969e-04
2.276970255381680186e+00 3.322095600392868946e-04
2.287490817355703143e+00 3.271843295819593838e-04
2.298059988758851091e+00 3.223307047186701503e-04
2.308677994187168458e+00 3.176489133031342566e-04
2.319345059274428689e+00 3.131385086816389890e-04
2.330061410696924629e+00 3.087999311567451977e-04
2.340827276178293115e+00 3.046332082570496350e-04
2.351642884494348440e+00 3.006369450915089177e-04
2.362508465477946462e+00 2.968093826514413324e-04
2.373424250023867366e+00 2.931491667952682251e-04
2.384390470093720626e+00 2.896544190849482513e-04
2.395407358720877955e+00 2.863214155339984576e-04
2.406475150015424003e+00 2.831466563924391164e-04
2.417594079169129717e+00 2.801262375370133957e-04
2.428764382460451898e+00 2.772559566105349408e-04
2.439986297259550074e+00 2.745292667290539644e-04
2.451260062033338460e+00 2.719405387207955954e-04
2.462585916350546800e+00 2.694828963220910175e-04
2.473964100886812734e+00 2.671495097740491449e-04
2.485394857429799931e+00 2.649309102367401747e-04
2.496878428884326873e+00 2.628190592758880909e-04
2.508415059277540049e+00 2.608041904686231381e-04
2.520004993764092038e+00 2.588767134381576244e-04
2.531648478631354227e+00 2.570246705697486656e-04
2.543345761304649510e+00 2.552375099443662029e-04
2.555097090352507205e+00 2.535032345951490542e-04
2.566902715491950371e+00 2.518096263370457328e-04
2.578762887593800901e+00 2.501432114531539574e-04
2.590677858688007706e+00 2.484910303484480824e-04
2.602647881969005983e+00 2.468398758500851115e-04
2.614673211801092023e+00 2.451759728519382051e-04
2.626754103723837108e+00 2.434848520010328237e-04
2.638890814457510281e+00 2.417525476289336271e-04
2.651083601908537535e+00 2.399657415428427254e-04
2.663332725174982318e+00 2.381091935026365689e-04
2.675638444552045137e+00 2.361698316385978525e-04
2.688001021537606228e+00 2.341334648711527241e-04
2.700420718837772682e+00 2.319876497131859617e-04
2.712897800372465973e+00 2.297181133459976930e-04
2.725432531281029025e+00 2.273132532737425924e-04
2.738025177927857712e+00 2.247606730461355982e-04
2.750676007908066101e+00 2.220496750341838384e-04
2.763385290053169907e+00 2.191686467364072392e-04
2.776153294436799701e+00 2.161083818774705212e-04
2.788980292380441206e+00 2.128597481744884303e-04
2.801866556459195134e+00 2.094147442121710803e-04
2.814812360507579658e+00 2.057656813488998595e-04
2.827817979625341316e+00 2.019066795446225460e-04
2.840883690183302779e+00 1.978327796191887858e-04
2.854009769829239040e+00 1.935396441586304938e-04
2.867196497493769591e+00 1.890240860483952275e-04
2.880444153396296336e+00 1.842844474175355017e-04
2.893753019050950392e+00 1.793201177590914431e-04
2.907123377272576636e+00 1.741312813696425140e-04
2.920555512182746671e+00 1.687191472064851288e-04
2.934049709215786894e+00 1.630868630520539804e-04
2.947606255124857189e+00 1.572378750552394901e-04
2.961225437988034503e+00 1.511771743827337909e-04
2.974907547214440395e+00 1.449099923622922256e-04
2.988652873550384115e+00 1.384441146346538655e-04
3.002461709085549213e+00 1.317866221307635198e-04
3.016334347259195692e+00 1.249467938068687001e-04
3.030271082866396348e+00 1.179333987887320957e-04
3.044272212064302874e+00 1.107579402668791379e-04
3.058338032378433269e+00 1.034306192161024018e-04
3.072468842709003667e+00 9.596380570195461922e-05
3.086664943337273037e+00 8.836920404935708941e-05
3.100926635931926523e+00 8.066056638019646280e-05
3.115254223555488089e+00 7.285058015031230726e-05
3.129648010670751823e+00 6.495309844275657741e-05
3.144108303147264749e+00 5.698198102879502628e-05
3.158635408267817191e+00 4.895131007875095101e-05
3.173229634734976212e+00 4.087610554019091195e-05
3.187891292677645705e+00 3.276945740916604240e-05
3.202620693657651785e+00 2.464656915260728744e-05
3.217418150676371713e+00 1.652093635943635913e-05
3.232283978181379247e+00 8.407093760186976346e-06
3.247218492073128626e+00 3.178663030400473038e-07
3.262222009711670090e+00 -7.732298965295758512e-06
3.277294849923383602e+00 -1.573129353114689413e-05
3.292437333007768974e+00 -2.366584450081778460e-05
3.307649780744240875e+00 -3.152470027727401257e-05
3.322932516398971803e+00 -3.929528061822233967e-05
3.338285864731760810e+00 -4.696732868883282393e-05
3.353710152002930656e+00 -5.452988842282239617e-05
3.369205705980267140e+00 -6.197361540299029718e-05
3.384772855945981096e+00 -6.928860874620538547e-05
3.400411932703705897e+00 -7.646671202249158135e-05
3.416123268585528283e+00 -8.349977619087858740e-05
3.431907197459044490e+00 -9.038054629431540644e-05
3.447764054734464345e+00 -9.710202424247606147e-05
3.463694177371732685e+00 -1.036582591564650892e-04
3.479697903887691623e+00 -1.100438563294764210e-04
3.495775574363275240e+00 -1.162537361073116474e-04
3.511927530450729584e+00 -1.222835475360625995e-04
3.528154115380882860e+00 -1.281295928362951296e-04
3.544455673970433818e+00 -1.337887981815481732e-04
3.560832552629277892e+00 -1.392583160015124603e-04
3.577285099367873311e+00 -1.445359604476640248e-04
3.593813663804627634e+00 -1.496202517570282501e-04
3.610418597173337130e+00 -1.545099934532809239e-04
3.627100252330646590e+00 -1.592044677824143689e-04
3.643858983763544224e+00 -1.637032963323798731e-04
3.660695147596902288e+00 -1.680070092918611098e-04
3.677609101601032382e+00 -1.721160182611288186e-04
3.694601205199302463e+00 -1.760314801943750087e-04
3.711671819475764966e+00 -1.797546164190233693e-04
3.728821307182833777e+00 -1.832876239018875865e-04
3.746050032748993175e+00 -1.866323685466787959e-04
3.763358362286534753e+00 -1.897914821823060182e-04
3.780746663599349411e+00 -1.927676345346612710e-04
3.798215306190734442e+00 -1.955641919914561397e-04
3.815764661271248581e+00 -1.981843245348168924e-04
3.833395101766601254e+00 -2.006315769929136502e-04
3.851107002325570683e+00 -2.029098555443733880e-04
3.868900739327975735e+00 -2.050230806664961390e-04
3.886776690892665531e+00 -2.069754355447801222e-04
3.904735236885560123e+00 -2.087708236552137709e-04
3.922776758927719598e+00 -2.104139293252660261e-04
3.940901640403449591e+00 -2.119087785669091222e-04
3.959110266468458761e+00 -2.132600155001897018e-04
3.977403024058034475e+00 -2.144715669744271652e-04
3.995780301895269560e+00 -2.155483100559983764e-04
4.014242490499322358e+00 -2.164941321933621504e-04
4.032789982193706990e+00 -2.173136393619773269e-04
4.051423171114647559e+00 -2.180106347518227805e-04
4.070142453219436796e+00 -2.185897850013458180e-04
4.088948226294862209e+00 -2.190547972790126059e-04
4.107840889965646447e+00 -2.194099839169577008e-04
4.126820845702954266e+00 -2.196590671782027847e-04
4.145888496832911052e+00 -2.198063549534820689e-04
4.165044248545182626e+00 -2.198554917398395773e-04
4.184288507901582577e+00 -2.198104439157281219e-04
4.203621683844713353e+00 -2.196749888571337614e-04
4.223044187206673961e+00 -2.194530418337785349e-04
4.242556430717777438e+00 -2.191483129532446818e-04
4.262158829015322503e+00 -2.187643895254149696e-04
4.281851798652413166e+00 -2.183051312824730564e-04
4.301635758106795215e+00 -2.177740136256606370e-04
4.321511127789764650e+00 -2.171747000492731258e-04
4.341478330055092094e+00 -2.165103619966622997e-04
4.361537789208003169e+00 -2.157846642620257348e-04
4.381689931514192615e+00 -2.150005827133980637e-04
4.401935185208874834e+00 -2.141614003692587269e-04
4.422273980505899260e+00 -2.132697943048437756e-04
4.442706749606882610e+00 -2.123288983913903508e-04
4.463233926710395316e+00 -2.113411266641376015e-04
4.483855948021188809e+00 -2.103091377407737786e-04
4.504573251759458330e+00 -2.092351093717694519e-04
4.525386278170168808e+00 -2.081215234769458948e-04
4.546295469532399380e+00 -2.069703190651521528e-04
4.567301270168744765e+00 -2.057835763345146091e-04
4.588404126454759258e+00 -2.045631473855208610e-04
4.609604486828433600e+00 -2.033110312753207041e-04
4.630902801799739343e+00 -2.020289429020549212e-04
4.652299523960189198e+00 -2.007186321699785134e-04
4.673795107992461340e+00 -1.993818875723517639e-04
4.695390010680060122e+00 -1.980204575849346291e-04
4.717084690917017653e+00 -1.966360553755921385e-04
4.738879609717653096e+00 -1.952302724279764037e-04
4.760775230226368393e+00 -1.938049198145966713e-04
4.782772017727483060e+00 -1.923615691283804064e-04
4.804870439655131165e+00 -1.909018718733989381e-04
4.827070965603183161e+00 -1.894272334953442762e-04
4.849374067335235239e+00 -1.879392910942563155e-04
4.871780218794630635e+00 -1.864393378142042577e-04
4.894289896114528915e+00 -1.849287275169996349e-04
4.916903577628028543e+00 -1.834085555870317876e-04
4.939621743878320537e+00 -1.818800548073970784e-04
4.962444877628915840e+00 -1.803442570867757569e-04
4.985373463873894018e+00 -1.788020185402245722e-04
5.008407989848209674e+00 -1.772542493323200159e-04
5.031548945038053944e+00 -1.757018656942495251e-04
5.054796821191240852e+00 -1.741456034927357994e-04
5.078152112327673606e+00 -1.725862519982636096e-04
5.101615314749833985e+00 -1.710246163358700438e-04
5.125186927053330344e+00 -1.694615510399102441e-04
5.148867450137495361e+00 -1.678978374483037323e-04
5.172657387216019309e+00 -1.663342828273710306e-04
5.196557243827659711e+00 -1.647718012731795329e-04
5.220567527846974976e+00 -1.632112502286962635e-04
5.244688749495116653e+00 -1.616534750193036418e-04
5.268921421350674095e+00 -1.600992488984844778e-04
5.293266058360561743e+00 -1.585494478717605008e-04
5.317723177850969485e+00 -1.570047748145736964e-04
5.342293299538352080e+00 -1.554658982300065719e-04
5.366976945540476329e+00 -1.539333743362314509e-04
5.391774640387502870e+00 -1.524078006829697885e-04
5.416686911033152363e+00 -1.508896007370243326e-04
5.441714286865890315e+00 -1.493791434210301188e-04
5.466857299720180308e+00 -1.478767594707807169e-04
5.492116483887789613e+00 -1.463828052717072758e-04
5.517492376129125908e+00 -1.448975411712919207e-04
5.542985515684669018e+00 -1.434212172437131932e-04
5.568596444286411540e+00 -1.419541254487905054e-04
5.594325706169377632e+00 -1.404965962719213150e-04
5.620173848083187984e+00 -1.390489000945333996e-04
5.646141419303670084e+00 -1.376113114275506527e-04
5.672228971644543094e+00 -1.361841476609469692e-04
5.698437059469139143e+00 -1.347677007815489120e-04
5.724766239702178794e+00 -1.333621731417678109e-04
5.751217071841614015e+00 -1.319677184563330876e-04
5.777790117970504014e+00 -1.305844785944389229e-04
5.804485942768978113e+00 -1.292125134893087673e-04
5.831305113526221717e+00 -1.278517520398637388e-04
5.858248200152536000e+00 -1.265021070298256111e-04
5.885315775191449994e+00 -1.251634526073487565e-04
5.912508413831877974e+00 -1.238356476485674620e-04
5.939826693920356782e+00 -1.225184580631729584e-04
5.967271195973313347e+00 -1.212117420245324782e-04
5.994842503189408589e+00 -1.199153753612767083e-04
6.022541201461927507e+00 -1.186292761705999170e-04
6.050367879391221670e+00 -1.173533500898916326e-04
6.078323128297229871e+00 -1.160876064609332590e-04
6.106407542232039631e+00 -1.148320844001843657e-04
6.134621717992506440e+00 -1.135868055648078459e-04
6.162966255132942273e+00 -1.123517555032817433e-04
6.191441755977844075e+00 -1.111269456089928888e-04
6.220048825634711953e+00 -1.099123352577033812e-04
6.248788072006891348e+00 -1.087077967956596861e-04
6.277660105806499580e+00 -1.075131429797937613e-04
6.306665540567405692e+00 -1.063281815342612721e-04
6.335804992658251145e+00 -1.051527025581722684e-04
6.365079081295570873e+00 -1.039864320270724048e-04
6.394488428556940107e+00 -1.028291622035060936e-04
6.424033659394190465e+00 -1.016807398023447260e-04
6.453715401646701544e+00 -1.005410922481435028e-04
6.483534286054723594e+00 -9.941016011354085967e-05
6.513490946272802340e+00 -9.828798948095751294e-05
6.543586018883232214e+00 -9.717469523399666282e-05
6.573820143409585093e+00 -9.607039252528811824e-05
6.604193962330305645e+00 -9.497515310189507157e-05
6.634708121092347533e+00 -9.388903904014781854e-05
6.665363268124913532e+00 -9.281203963602803963e-05
6.696160054853218746e+00 -9.174405196462012842e-05
6.727099135712336420e+00 -9.068482699618775887e-05
6.758181168161110364e+00 -8.963411765889014765e-05
6.789406812696109128e+00 -8.859160339389841030e-05
6.820776732865684977e+00 -8.755696988752385021e-05
6.852291595284061287e+00 -8.652992500789381998e-05
6.883952069645496330e+00 -8.551031968133126517e-05
6.915758828738525210e+00 -8.449814049732003933e-05
6.947712548460236448e+00 -8.349348526153850720e-05
6.979813907830660469e+00 -8.249660320815912649e-05
7.012063589007180298e+00 -8.150789895676757723e-05
7.044462277299037289e+00 -8.052781602070738275e-05
7.077010661181889262e+00 -7.955680572923030599e-05
7.109709432312435240e+00 -7.859524113669859660e-05
7.142559285543126357e+00 -7.764343433133744467e-05
7.175560918936924715e+00 -7.670151323084531078e-05
7.208715033782135073e+00 -7.576939802293711809e-05
7.242022334607315592e+00 -7.484689943075129427e-05
7.275483529196228538e+00 -7.393366079797273509e-05
7.309099328602910894e+00 -7.302930280421495173e-05
7.342870447166761849e+00 -7.213334282355110441e-05
7.376797602527734199e+00 -7.124544683080944038e-05
7.410881515641570161e+00 -7.036535297921295122e-05
7.445122910795139326e+00 -6.949295198551222203e-05
7.479522515621821022e+00 -6.862827289815902072e-05
7.514081061116965721e+00 -6.777151167542243564e-05
7.548799281653435500e+00 -6.692299398060406329e-05
7.583677914997190683e+00 -6.608307062672149593e-05
7.618717702322995500e+00 -6.525211189300226047e-05
7.653919388230147725e+00 -6.443048014591925806e-05
7.689283720758309570e+00 -6.361845605180687334e-05
7.724811451403404305e+00 -6.281621003674564866e-05
7.760503335133570602e+00 -6.202381321417601060e-05
7.796360130405233235e+00 -6.124125869869310166e-05
7.832382599179195992e+00 -6.046846392108927258e-05
7.868571506936847371e+00 -5.970522903379774440e-05
7.904927622696424017e+00 -5.895135555661413823e-05
7.941451719029339884e+00 -5.820657865618900339e-05
7.978144572076624641e+00 -5.747065258417410774e-05
8.015006961565404708e+00 -5.674324891108555881e-05
8.052039670825474005e+00 -5.602412562573041727e-05
8.089243486805942851e+00 -5.531303910388749712e-05
8.126619200091946382e+00 -5.460983387058288615e-05
8.164167604921468424e+00 -5.391440672460501727e-05
8.201889499202202671e+00 -5.322679712428345214e-05
8.239785684528515119e+00 -5.254716633399043516e-05
8.277856966198475774e+00 -5.187573888669595550e-05
8.316104153230961415e+00 -5.121280014569683486e-05
8.354528058382866718e+00 -5.055863906706451198e-05
8.393129498166365110e+00 -4.991346804503794278e-05
8.431909292866254901e+00 -4.927734212694931187e-05
8.470868266557406656e+00 -4.865013090396191545e-05
8.510007247122246099e+00 -4.803152593647948846e-05
8.549327066268380904e+00 -4.742108744517845709e-05
8.588828559546250574e+00 -4.681822831119509539e-05
8.628512566366891789e+00 -4.622244790543035483e-05
8.668379930019778357e+00 -4.563331628289842603e-05
8.708431497690723333e+00 -4.505064638373118476e-05
8.748668120479909049e+00 -4.447444265756390523e-05
8.789090653419954435e+00 -4.390493730439154371e-05
8.829699955494087149e+00 -4.334255039513967449e-05
8.870496889654408079e+00 -4.278768276927054652e-05
8.911482322840202031e+00 -4.224067214659739524e-05
8.952657125996395848e+00 -4.170166153682195766e-05
8.994022174092044963e+00 -4.117052674288314426e-05
9.035578346138924744e+00 -4.064691847901477162e-05
9.077326525210228425e+00 -4.013021151900709294e-05
9.119267598459298796e+00 -3.961977117834085957e-05
9.161402457138516198e+00 -3.911493265350925766e-05
9.203731996618220279e+00 -3.861517982436420268e-05
9.246257116405738330e+00 -3.812017227421330123e-05
9.288978720164502434e+00 -3.762978374293139553e-05
9.331897715733239451e+00 -3.714404748358178629e-05
9.375015015145285346e+00 -3.666305271036990045e-05
9.418331534647951031e+00 -3.618688550067834575e-05
9.461848194721996563e+00 -3.571558151929126357e-05
9.505565920101195942e+00 -3.524909526550014019e-05
9.549485639791965852e+00 -3.478730097833259316e-05
9.593608287093141840e+00 -3.433010438928353148e-05
9.637934799615786474e+00 -3.387747841325088353e-05
9.682466119303123619e+00 -3.342950311265625331e-05
9.727203192450541991e+00 -3.298636450947499800e-05
9.772146969725724830e+00 -3.254829838078129238e-05
9.817298406188836424e+00 -3.211554702440447235e-05
9.862658461312820535e+00 -3.168822233639435719e-05
9.908228099003798306e+00 -3.126625076364249840e-05
9.954008287621523010e+00 -3.084942271895451489e-05
1.000000000000000000e+01 -3.043735814185039804e-05
