1.000000000000000056e-01 8.441405606826051671e-05
1.004620421346812675e-01 8.354666844683236672e-05
1.009262190987047642e-01 8.314907636915478762e-05
1.013925407558815134e-01 8.324270144413756982e-05
1.018610170155975769e-01 8.373177029949429044e-05
1.023316578330244891e-01 8.441990539123288512e-05
1.028044732093309210e-01 8.507408976226502300e-05
1.032794731918951769e-01 8.545489433474648996e-05
1.037566678745185655e-01 8.540080449350485609e-05
1.042360673976401725e-01 8.484477884912103697e-05
1.047176819485520216e-01 8.384639613284614003e-05
1.052015217616158460e-01 8.258676593861363898e-05
1.056875971184804280e-01 8.130471967605180450e-05
1.061759183482999802e-01 8.025481082234896734e-05
1.066664958279539277e-01 7.962166696741489332e-05
1.071593399822671072e-01 7.949718914920988675e-05
1.076544612842315340e-01 7.983958913105109140e-05
1.081518702552288352e-01 8.047130744287256116e-05
1.086515774652538069e-01 8.114497804741898095e-05
1.091535935331391649e-01 8.159914531325538191e-05
1.096579291267809897e-01 8.163314365183838592e-05
1.101645949633656418e-01 8.115563414315346634e-05
1.106736018095973717e-01 8.021341324347563864e-05
1.111849604819270670e-01 7.899465925814390800e-05
1.116986818467823189e-01 7.775985716632572364e-05
1.122147768207980290e-01 7.677511883332301980e-05
1.127332563710486818e-01 7.624544214722273733e-05
1.132541315152811728e-01 7.623665193703963794e-05
1.137774133221491069e-01 7.666721881780170405e-05
1.143031129114479155e-01 7.732600029528624076e-05
1.148312414543511129e-01 7.793524919279818308e-05
1.153618101736478274e-01 7.822533821804244396e-05
1.158948303439810978e-01 7.801696147611662531e-05
1.164303132920876532e-01 7.729060190266513373e-05
1.169682703970385262e-01 7.618691714731349056e-05
1.175087130904807486e-01 7.496604996877667519e-05
1.180516528568805179e-01 7.391803615019155679e-05
1.185971012337669744e-01 7.328801853912977893e-05
1.191450698119776025e-01 7.319104868604771764e-05
1.196955702359043389e-01 7.357547863728151481e-05
1.202486142037412220e-01 7.421115030427392152e-05
1.208042134677328600e-01 7.481399445489115934e-05
1.213623798344240778e-01 7.508386342709953817e-05
1.219231251649110781e-01 7.484255681908577986e-05
1.224864613750931419e-01 7.408396377177584827e-05
1.230524004359261625e-01 7.296923424035081543e-05
1.236209543736768862e-01 7.179600012724917865e-05
1.241921352701783610e-01 7.087244674517997477e-05
1.247659552630869806e-01 7.043069331596399482e-05
1.253424265461400011e-01 7.053445387943787159e-05
1.259215613694150970e-01 7.105831329049496967e-05
1.265033720395903616e-01 7.169524722299501604e-05
1.270878709202058476e-01 7.214962909109362012e-05
1.276750704319265795e-01 7.213632630163405710e-05
1.282649830528060642e-01 7.157213978135783304e-05
1.288576213185518016e-01 7.057080114291167810e-05
1.294529978227915712e-01 6.941635634685413853e-05
1.300511252173408849e-01 6.844036155219584484e-05
1.306520162124721329e-01 6.792146665194213396e-05
1.312556835771843400e-01 6.796018688804554596e-05
1.318621401394748371e-01 6.844907885171225010e-05
1.324713987866117104e-01 6.907611372917638634e-05
1.330834724654074985e-01 6.951913744852578319e-05
1.336983741824946670e-01 6.947792063887696780e-05
1.343161170046016095e-01 6.887226156035302119e-05
1.349367140588306480e-01 6.784864253319535584e-05
1.355601785329368647e-01 6.673505558234831176e-05
1.361865236756081843e-01 6.587473367685459384e-05
1.368157627967472034e-01 6.553420099791988651e-05
1.374479092677537428e-01 6.574867183968808421e-05
1.380829765218092309e-01 6.632250810412635236e-05
1.387209780541620585e-01 6.690421887671350160e-05
1.393619274224142390e-01 6.713037421060305912e-05
1.400058382468097606e-01 6.680364156745748918e-05
1.406527242105237163e-01 6.595747229500925971e-05
1.413025990599533765e-01 6.486521482502831393e-05
1.419554766050101224e-01 6.390049460617117278e-05
1.426113707194128777e-01 6.339794004356194329e-05
1.432702953409830948e-01 6.347562997550204665e-05
1.439322644719407129e-01 6.399226568799243320e-05
1.445972921792019472e-01 6.458260787939071692e-05
1.452653925946780777e-01 6.487747531637558284e-05
1.459365799155756538e-01 6.460976181390913359e-05
1.466108684046984467e-01 6.379388969830530767e-05
1.472882723907502633e-01 6.273505074316899986e-05
1.479688062686396188e-01 6.180096441497937921e-05
1.486524844997856865e-01 6.135969053365133020e-05
1.493393216124252187e-01 6.151086490206833946e-05
1.500293322019218278e-01 6.205572564030573839e-05
1.507225309310756267e-01 6.260621965817087398e-05
1.514189325304352018e-01 6.277136477979670004e-05
1.521185517986104463e-01 6.234100980533815995e-05
1.528214036025870026e-01 6.141905807256429746e-05
1.535275028780422601e-01 6.038822458653278014e-05
1.542368646296628232e-01 5.964266856148881305e-05
1.549495039314631728e-01 5.948039640181774227e-05
1.556654359271061605e-01 5.987059984449358274e-05
1.563846758302246953e-01 6.044749933921669604e-05
1.571072389247450407e-01 6.082082878020698296e-05
1.578331405652117214e-01 6.063079094586320818e-05
1.585623961771137069e-01 5.986082151147645959e-05
1.592950212572122604e-01 5.884968151651802956e-05
1.600310313738700918e-01 5.800151446215437808e-05
1.607704421673823714e-01 5.770415417513403283e-05
1.615132693503090466e-01 5.800128502470117695e-05
1.622595287078087423e-01 5.856638002874808223e-05
1.630092360979740751e-01 5.898077389876328456e-05
1.637624074521688011e-01 5.884576524009650590e-05
1.645190587753662392e-01 5.811706329355596974e-05
1.652792061464894713e-01 5.712313160302049552e-05
1.660428657187530133e-01 5.630889212514790195e-05
1.668100537200058742e-01 5.606044777123317299e-05
1.675807864530767799e-01 5.639824646239006549e-05
1.683550802961202297e-01 5.696506260193073384e-05
1.691329517029648011e-01 5.729125359587792355e-05
1.699144172034626477e-01 5.702433907569279763e-05
1.706994934038407463e-01 5.620041847000528136e-05
1.714881969870540035e-01 5.522874491323604188e-05
1.722805447131393886e-01 5.459383802286535924e-05
1.730765534195724820e-01 5.458561171278400329e-05
1.738762400216250781e-01 5.506642249388022428e-05
1.746796215127245366e-01 5.558082759894752940e-05
1.754867149648151048e-01 5.564297346934381753e-05
1.762975375287205715e-01 5.506631084751437941e-05
1.771121064345087814e-01 5.412880014742030011e-05
1.779304389918577867e-01 5.330560350871657848e-05
1.787525525904234969e-01 5.304740178550079353e-05
1.795784647002095780e-01 5.339363394832656145e-05
1.804081928719382666e-01 5.393668464595130090e-05
1.812417547374236826e-01 5.417269468955441213e-05
1.820791680099462795e-01 5.376777172996676429e-05
1.829204504846293211e-01 5.287839483580707937e-05
1.837656200388171346e-01 5.201103829161896747e-05
1.846146946324547511e-01 5.166816682752925613e-05
1.854676923084698503e-01 5.196137478297077730e-05
1.863246311931560373e-01 5.249312993436690939e-05
1.871855294965578675e-01 5.275342700522598591e-05
1.880504055128582597e-01 5.236701008368542802e-05
1.889192776207666291e-01 5.149237791185883061e-05
1.897921642839100476e-01 5.065814215876782541e-05
1.906690840512252350e-01 5.036626074799806831e-05
1.915500555573527997e-01 5.070511781000350938e-05
1.924350975230331162e-01 5.123080606168965408e-05
1.933242287555045347e-01 5.138219488568237050e-05
1.942174681489025334e-01 5.086146614493699462e-05
1.951148346846616755e-01 4.997361918171160382e-05
1.960163474319185639e-01 4.925524507316509873e-05
1.969220255479172399e-01 4.917167638978894628e-05
1.978318882784164401e-01 4.963230095258757324e-05
1.987459549580982698e-01 5.008278018878787517e-05
1.996642450109794020e-01 4.997356248216199383e-05
2.005867779508233861e-01 4.924054535597166798e-05
2.015135733815557606e-01 4.837627577238788883e-05
2.024446509976803865e-01 4.795069473454894893e-05
2.033800305846981127e-01 4.820085674655304815e-05
2.043197320195271061e-01 4.871525099822754314e-05
2.052637752709252084e-01 4.889123987548314791e-05
2.062121803999143466e-01 4.837283979174537759e-05
2.071649675602068863e-01 4.750812174130172503e-05
2.081221569986338171e-01 4.688841465228230006e-05
2.090837690555750472e-01 4.695111655466501302e-05
2.100498241653915299e-01 4.744829414328559223e-05
2.110203428568595552e-01 4.775828757291569515e-05
2.119953457536070951e-01 4.738748692968957482e-05
2.129748535745520088e-01 4.655643288768227645e-05
2.139588871343422183e-01 4.586897476664530536e-05
2.149474673437980488e-01 4.584645429386028292e-05
2.159406152103566512e-01 4.632287245531898295e-05
2.169383518385184229e-01 4.666290904171937592e-05
2.179406984302954819e-01 4.632658240007996172e-05
2.189476762856621128e-01 4.551308576016768086e-05
2.199593068030074872e-01 4.484284994916004619e-05
2.209756114795902171e-01 4.485561585691313831e-05
2.219966119119954895e-01 4.533435431016273501e-05
2.230223297965937546e-01 4.561944054543367477e-05
2.240527869300018848e-01 4.520692427200633656e-05
2.250880052095461659e-01 4.438230151943439614e-05
2.261280066337278405e-01 4.381536993547065694e-05
2.271728133026905128e-01 4.397475644602356627e-05
2.282224474186897445e-01 4.444803062528390335e-05
2.292769312865649278e-01 4.457883255642359517e-05
2.303362873142131284e-01 4.398732360516295452e-05
2.314005380130652878e-01 4.317933208466300573e-05
2.324697059985647851e-01 4.285134759738080376e-05
2.335438139906478860e-01 4.320157266211359305e-05
2.346228848142263013e-01 4.362247706147247587e-05
2.357069413996727703e-01 4.344089360609162032e-05
2.367960067833077553e-01 4.268503204947924967e-05
2.378901041078893275e-01 4.203545170092614735e-05
2.389892566231049675e-01 4.209204631901946431e-05
2.400934876860652545e-01 4.256378829973606721e-05
2.412028207618006903e-01 4.271897000899208826e-05
2.423172794237599403e-01 4.214246841097202842e-05
2.434368873543110434e-01 4.136918588487011489e-05
2.445616683452445927e-01 4.113211167487603050e-05
2.456916462982790816e-01 4.152818928222127784e-05
2.468268452255692469e-01 4.185942637801474346e-05
2.479672892502158832e-01 4.148260607734448725e-05
2.491130026067788494e-01 4.070870102762537797e-05
2.502640096417918514e-01 4.028711815200931721e-05
2.514203348142797223e-01 4.060078355247634483e-05
2.525820026962784515e-01 4.101265490303908628e-05
2.537490379733570167e-01 4.077851297724235062e-05
2.549214654451423256e-01 4.001955482427399155e-05
2.560993100258458499e-01 3.950945905682601701e-05
2.572825967447933682e-01 3.975168332549233329e-05
2.584713507469563742e-01 4.016865799991089782e-05
2.596655972934870937e-01 3.998831989712666206e-05
2.608653617622547771e-01 3.925816355921454847e-05
2.620706696483851572e-01 3.875734785198877878e-05
2.632815465648021269e-01 3.901122201843045808e-05
2.644980182427719706e-01 3.941629767173652690e-05
2.657201105324505375e-01 3.918129939877523180e-05
2.669478494034320804e-01 3.843756885903372889e-05
2.681812609453014806e-01 3.800443563741033863e-05
2.694203713681883605e-01 3.832554250596236368e-05
2.706652070033241375e-01 3.868968702599574712e-05
2.719157943036017433e-01 3.833152409067878979e-05
2.731721598441376186e-01 3.759374662240959260e-05
2.744343303228364839e-01 3.732580355709780035e-05
2.757023325609583853e-01 3.771744740977586550e-05
2.769761935036890721e-01 3.794410772618470409e-05
2.782559402207124277e-01 3.740783135871161185e-05
2.795415999067856205e-01 3.674103708439046916e-05
2.808331998823171971e-01 3.676130803962398961e-05
2.821307675939472293e-01 3.716709793925112887e-05
2.834343306151309028e-01 3.711233829848425742e-05
2.847439166467246041e-01 3.642772128817363365e-05
2.860595535175741722e-01 3.598185178832596898e-05
2.873812691851065360e-01 3.628593976768183452e-05
2.887090917359236286e-01 3.659493718128533084e-05
2.900430493863991877e-01 3.613930625440474429e-05
2.913831704832787195e-01 3.545969380343813625e-05
2.927294835042815735e-01 3.544877218797867644e-05
2.940820170587062909e-01 3.586695117796982822e-05
2.954407998880381192e-01 3.577956210551588509e-05
2.968058608665602449e-01 3.508869634473457352e-05
2.981772290019671923e-01 3.473004282269826268e-05
2.995549334359813298e-01 3.509471064521426460e-05
3.009390034449720419e-01 3.530008544152697924e-05
3.023294684405777866e-01 3.471548185318440335e-05
3.037263579703311511e-01 3.413594613310066218e-05
3.051297017182869054e-01 3.436411600909128827e-05
3.065395295056526637e-01 3.471658388350110964e-05
3.079558712914226004e-01 3.429813622895838053e-05
3.093787571730138297e-01 3.364084781379515765e-05
3.108082173869063936e-01 3.369632868863616778e-05
3.122442823092856368e-01 3.409083224982375159e-05
3.136869824566877463e-01 3.383043426365248303e-05
3.151363484866478437e-01 3.315595167946964886e-05
3.165924111983522415e-01 3.308868010671694152e-05
3.180552015332919757e-01 3.348965441061536874e-05
3.195247505759211681e-01 3.332016322238238001e-05
3.210010895543172205e-01 3.265033425819581638e-05
3.224842498408441172e-01 3.253095515444263535e-05
3.239742629528197249e-01 3.292615384536952503e-05
3.254711605531848129e-01 3.277653946590729494e-05
3.269749744511766254e-01 3.211860881820364182e-05
3.284857366030044523e-01 3.201629794447791351e-05
3.300034791125284195e-01 3.239787428595046844e-05
3.315282342319424980e-01 3.220258771020685000e-05
3.330600343624588455e-01 3.157131941882082696e-05
3.345989120549973106e-01 3.153899711251754859e-05
3.361449000108766016e-01 3.188869306319159808e-05
3.376980310825090648e-01 3.161903868509613870e-05
3.392583382740993470e-01 3.101278613807162605e-05
3.408258547423451690e-01 3.108193502398223399e-05
3.424006137971423724e-01 3.140947694137529979e-05
3.439826489022925204e-01 3.100282377516717913e-05
3.455719936762138289e-01 3.044968767734913270e-05
3.471686818926561502e-01 3.068498064119721944e-05
3.487727474814177331e-01 3.090916817637303352e-05
3.503842245290674229e-01 3.033743895779764587e-05
3.520031472796679717e-01 2.997691930567304488e-05
3.536295501355041782e-01 3.034250612827677290e-05
3.552634676578141359e-01 3.028365780728855384e-05
3.569049345675229801e-01 2.965677151066677307e-05
3.585539857459816293e-01 2.964501809503345190e-05
3.602106562357070829e-01 2.997214163081789011e-05
3.618749812411279354e-01 2.958664879426203934e-05
3.635469961293319452e-01 2.908152426027444933e-05
3.652267364308175446e-01 2.933491044342151748e-05
3.669142378402492910e-01 2.945899555343380771e-05
3.686095362172158718e-01 2.887204678112310105e-05
3.703126675869926054e-01 2.869862019056519602e-05
3.720236681413067736e-01 2.906545449997412857e-05
3.737425742391063954e-01 2.873058049688869111e-05
3.754694224073336084e-01 2.821022677458290653e-05
3.772042493416998266e-01 2.849382246158579178e-05
3.789470919074666710e-01 2.854459240419093501e-05
3.806979871402286220e-01 2.797292166880388479e-05
3.824569722466998889e-01 2.789671291901678823e-05
3.842240846055060000e-01 2.822762130639744284e-05
3.859993617679768341e-01 2.779944708971898888e-05
3.877828414589456485e-01 2.740477902210076822e-05
3.895745615775503268e-01 2.774582541679536165e-05
3.913745601980384015e-01 2.757220492167468081e-05
3.931828755705769063e-01 2.702902541581337977e-05
3.949995461220643933e-01 2.723438368074358287e-05
3.968246104569480570e-01 2.734110476946787611e-05
3.986581073580440782e-01 2.677866786972874581e-05
4.005000757873611317e-01 2.673882963461585589e-05
4.023505548869292237e-01 2.700845185096822842e-05
4.042095839796306933e-01 2.650320011427199920e-05
4.060772025700365440e-01 2.632566211825017056e-05
4.079534503452451055e-01 2.661620387700915113e-05
4.098383671757261371e-01 2.626459650343007651e-05
4.117319931161678159e-01 2.589321032265795198e-05
4.136343684063274462e-01 2.623044550341338007e-05
4.155455334718875515e-01 2.596061156769617577e-05
4.174655289253136892e-01 2.550710965597565669e-05
4.193943955667186474e-01 2.583354376383211300e-05
4.213321743847288081e-01 2.568444863054793344e-05
4.232789065573549503e-01 2.518275455020475856e-05
4.252346334528682159e-01 2.544853691705926895e-05
4.271993966306779078e-01 2.533520159229295224e-05
4.291732378422157268e-01 2.483520515287167556e-05
4.311561990318227289e-01 2.509545591315467093e-05
4.331483223376399461e-01 2.502613990197067158e-05
4.351496500925050026e-01 2.452131184199444488e-05
4.371602248248504519e-01 2.476571773189931855e-05
4.391800892596086081e-01 2.464504127286383484e-05
4.412092863191188763e-01 2.417552803521864650e-05
4.432478591240396892e-01 2.442775312486260896e-05
4.452958509942655518e-01 2.429148268908018146e-05
4.473533054498465278e-01 2.386352904817263274e-05
4.494202662119142211e-01 2.416251931588577897e-05
4.514967772036100890e-01 2.391119640192487341e-05
4.535828825510187512e-01 2.355488937545993094e-05
4.556786265841064054e-01 2.384851324380503313e-05
4.577840538376618529e-01 2.348420951463058720e-05
4.598992090522438514e-01 2.327828943671820746e-05
4.620241371751311887e-01 2.355199825205520113e-05
4.641588833612778631e-01 2.309583786296374428e-05
4.663034929742731483e-01 2.306311323949222159e-05
4.684580115873047679e-01 2.320073167732713607e-05
4.706224849841281754e-01 2.268449861104701411e-05
4.727969591600389432e-01 2.283228251962183031e-05
4.749814803228500915e-01 2.277200964479026446e-05
4.771760948938745805e-01 2.234859767354754171e-05
4.793808495089109112e-01 2.261802464652246935e-05
4.815957910192352198e-01 2.233659374237120468e-05
4.838209664925955944e-01 2.211870393953122569e-05
4.860564232142134955e-01 2.236418242223726333e-05
4.883022086877880086e-01 2.189640795645237379e-05
4.905583706365048147e-01 2.196344017398760780e-05
4.928249570040514338e-01 2.195311481945760998e-05
4.951020159556350220e-01 2.151829502359326582e-05
4.973895958790063854e-01 2.177265662919824726e-05
4.996877453854883799e-01 2.144180038013872235e-05
5.019965133110081412e-01 2.132049580447257394e-05
5.043159487171360311e-01 2.148005699567288841e-05
5.066461008921266940e-01 2.102752567176809149e-05
5.089870193519681063e-01 2.123873936113012585e-05
5.113387538414325695e-01 2.101702169086958204e-05
5.137013543351340861e-01 2.079985819991921221e-05
5.160748710385908433e-01 2.097217758575058727e-05
5.184593543892911383e-01 2.054535239366116453e-05
5.208548550577661862e-01 2.068510774242627429e-05
5.232614239486661489e-01 2.049020451125665933e-05
5.256791122018421580e-01 2.026376222520592170e-05
5.281079711934332233e-01 2.044136564315736650e-05
5.305480525369572486e-01 2.000671915965836987e-05
5.329994080844089321e-01 2.020264517192116779e-05
5.354620899273607737e-01 1.994777134017919199e-05
5.379361503980700787e-01 1.983352600884504013e-05
5.404216420705916235e-01 1.993186954135262072e-05
5.429186177618940956e-01 1.954939188086306871e-05
5.454271305329833064e-01 1.979028809535983291e-05
5.479472336900287344e-01 1.940696145601448745e-05
5.504789807854970629e-01 1.947489223473097342e-05
5.530224256192901588e-01 1.934018666193728487e-05
5.555776222398876030e-01 1.912773224882998295e-05
5.581446249454963260e-01 1.925821251505811354e-05
5.607234882852032420e-01 1.886235914487122172e-05
5.633142670601354318e-01 1.905965447870529899e-05
5.659170163246244334e-01 1.866643844601782119e-05
5.685317913873751960e-01 1.877810568051939139e-05
5.711586478126432498e-01 1.860393213267546385e-05
5.737976414214134291e-01 1.847232931682755308e-05
5.764488282925875895e-01 1.849907947257609645e-05
5.791122647641759880e-01 1.818123770552474577e-05
5.817880074344934371e-01 1.837491535440553443e-05
5.844761131633634532e-01 1.798922156903095510e-05
5.871766390733255125e-01 1.817693729529061008e-05
5.898896425508496355e-01 1.783237559244930451e-05
5.926151812475554115e-01 1.795118518065495403e-05
5.953533130814369079e-01 1.771064777314334748e-05
5.981040962380941295e-01 1.771899292560860138e-05
6.008675891719686968e-01 1.759891139759355740e-05
6.036438506075867405e-01 1.744673726175704134e-05
6.064329395408063483e-01 1.747637800329327840e-05
6.092349152400710066e-01 1.721835083778133584e-05
6.120498372476699256e-01 1.733386714891988457e-05
6.148777653810023613e-01 1.702457063910961573e-05
6.177187597338491543e-01 1.716994581330946496e-05
6.205728806776501516e-01 1.684280647182846534e-05
6.234401888627861821e-01 1.698945731860797325e-05
6.263207452198689129e-01 1.666602558407082448e-05
6.292146109610343707e-01 1.679968415320152848e-05
6.321218475812451221e-01 1.648924091772390539e-05
6.350425168595963399e-01 1.660875773321228340e-05
6.379766808606280870e-01 1.630885268562527721e-05
6.409244019356453714e-01 1.642380549899199885e-05
6.438857427240419762e-01 1.612538179477695499e-05
6.468607661546326160e-01 1.624552137292737970e-05
6.498495354469889795e-01 1.593941045434152986e-05
6.528521141127845429e-01 1.607418187904076790e-05
6.558685659571431570e-01 1.575682712340439458e-05
6.588989550799949635e-01 1.590633532701673356e-05
6.619433458774393042e-01 1.558490160792988470e-05
6.650018030431119609e-01 1.573830952616578699e-05
6.680743915695612767e-01 1.542754948941287726e-05
6.711611767496283854e-01 1.556279655488195134e-05
6.742622241778342129e-01 1.528651744473877902e-05
6.773775997517750280e-01 1.540453792687660308e-05
6.805073696735207678e-01 1.513837351723021355e-05
6.836516004510236888e-01 1.524806561863552222e-05
6.868103588995303488e-01 1.500799409184554893e-05
6.899837121430018039e-01 1.508032931580331842e-05
6.931717276155405782e-01 1.489322366239194464e-05
6.963744730628224078e-01 1.485869641641524208e-05
6.995920165435373095e-01 1.477996795088157574e-05
7.028244264308348699e-01 1.461670217841347429e-05
7.060717714137773049e-01 1.461616866822307225e-05
7.093341204987995141e-01 1.438720371410869360e-05
7.126115430111746862e-01 1.445633828932100289e-05
7.159041085964886753e-01 1.417830328559384401e-05
7.192118872221189285e-01 1.429125726532248001e-05
7.225349491787214085e-01 1.405701273524720273e-05
7.258733650817251748e-01 1.410263929863343868e-05
7.292272058728315187e-01 1.399877031590700427e-05
7.325965428215229780e-01 1.393499674264636388e-05
7.359814475265766820e-01 1.395069767657346221e-05
7.393819919175865785e-01 1.370495561191462458e-05
7.427982482564916555e-01 1.378825390451460328e-05
7.462302891391109361e-01 1.352891957788110521e-05
7.496781874966876869e-01 1.355085360518998132e-05
7.531420165974371805e-01 1.338304144629359540e-05
7.566218500481054487e-01 1.328586708207289899e-05
7.601177617955328092e-01 1.334778700193897254e-05
7.636298261282243871e-01 1.314836314437904587e-05
7.671581176779301847e-01 1.325045575802352152e-05
7.707027114212299246e-01 1.307342013576620053e-05
7.742636826811269968e-01 1.299789931174654629e-05
7.778411071286488454e-01 1.295325319622670009e-05
7.814350607844543495e-01 1.271887828177076588e-05
7.850456200204509738e-01 1.278761972139100485e-05
7.886728615614151394e-01 1.262305471616263875e-05
7.923168624866253618e-01 1.260146075894430761e-05
7.959777002314983863e-01 1.264621591727339192e-05
7.996554525892348719e-01 1.242690362867466810e-05
8.033501977124734017e-01 1.244452406141603967e-05
8.070620141149503768e-01 1.228824896715900566e-05
8.107909806731686819e-01 1.212953869422885099e-05
8.145371766280743442e-01 1.220898491703239450e-05
8.183006815867391870e-01 1.206185757814120604e-05
8.220815755240540312e-01 1.206209192131665725e-05
8.258799387844267814e-01 1.204851097890097512e-05
8.296958520834906148e-01 1.180509009716277583e-05
8.335293965098193869e-01 1.177629142511990676e-05
8.373806535266491435e-01 1.174156665243681415e-05
8.412497049736118448e-01 1.161188670865436197e-05
8.451366330684717543e-01 1.168685803731391380e-05
8.490415204088747059e-01 1.157472128108377571e-05
8.529644499741022567e-01 1.136899150140688360e-05
8.569055051268349432e-01 1.138228884688502814e-05
8.608647696149244188e-01 1.130350818076775732e-05
8.648423275731722537e-01 1.122278129410058310e-05
8.688382635251186148e-01 1.127500756453959255e-05
8.728526623848377186e-01 1.111198460855255320e-05
8.768856094587428318e-01 1.091837895589978991e-05
8.809371904473990433e-01 1.098054232942147160e-05
8.850074914473433640e-01 1.096707563247275800e-05
8.890965989529160396e-01 1.081607574711134829e-05
8.932045998580966373e-01 1.077203863137361226e-05
8.973315814583522343e-01 1.068788685953479422e-05
9.014776314524917122e-01 1.057208420450690925e-05
9.056428379445289334e-01 1.060287000260411065e-05
9.098272894455560200e-01 1.057673424089110111e-05
9.140310748756229620e-01 1.036671376114210464e-05
9.182542835656284375e-01 1.028923089371187935e-05
9.224970052592174063e-01 1.037418791660488690e-05
9.267593301146878071e-01 1.029157838351557953e-05
9.310413487069078009e-01 1.009528159424422721e-05
9.353431520292384560e-01 1.006660659167819152e-05
9.396648314954693104e-01 1.010333516659139182e-05
9.440064789417603741e-01 9.995519519476918965e-06
9.483681866285922357e-01 9.860122548405776953e-06
9.527500472427292699e-01 9.838910204600734508e-06
9.571521538991862865e-01 9.822334226927914667e-06
9.615746001432098344e-01 9.722269913992885761e-06
9.660174799522646127e-01 9.630466908489491212e-06
9.704808877380302068e-01 9.597507275513315769e-06
9.749649183484089265e-01 9.551804885165169313e-06
9.794696670695393070e-01 9.467006773608101954e-06
9.839952296278231536e-01 9.396299158276580663e-06
9.885417021919573610e-01 9.351491586491447595e-06
9.931091813749796104e-01 9.294319746702621823e-06
9.976977642363203946e-01 9.221165931153141109e-06
1.002307548283865479e+00 9.158979206379586863e-06
1.006938631476027579e+00 9.107145498622721782e-06
1.011591112223829692e+00 9.046829575066304640e-06
1.016265089392994758e+00 8.980710417729538715e-06
1.020960662306046540e+00 8.921828178032781241e-06
1.025677930744421928e+00 8.866752794929526368e-06
1.030416994950587917e+00 8.806418551256257256e-06
1.035177955630176339e+00 8.744436557667712711e-06
1.039960913954119714e+00 8.687043778534015513e-06
1.044765971560804196e+00 8.630833998650786740e-06
1.049593230558227619e+00 8.571492663791972601e-06
1.054442793526168876e+00 8.512133634966210512e-06
1.059314763518369951e+00 8.455680043081979151e-06
1.064209244064724169e+00 8.399395311314258576e-06
1.069126339173475992e+00 8.341319897392475834e-06
1.074066153333433471e+00 8.283828641699408045e-06
1.079028791516184249e+00 8.228182516395719340e-06
1.084014359178330889e+00 8.172347856608968029e-06
1.089022962263729966e+00 8.115575457834471528e-06
1.094054707205742494e+00 8.059565995900697867e-06
1.099109700929497224e+00 8.004725947769679345e-06
1.104188050854160830e+00 7.949617512586002041e-06
1.109289864895222744e+00 7.894107021779829669e-06
1.114415251466787549e+00 7.839365392634732284e-06
1.119564319483878245e+00 7.785370192985472336e-06
1.124737178364751955e+00 7.731137805337043092e-06
1.129933938033222285e+00 7.676832850948263836e-06
1.135154708920999012e+00 7.623236952565423632e-06
1.140399601970032428e+00 7.570125520999381973e-06
1.145668728634871458e+00 7.516849563017061020e-06
1.150962200885032205e+00 7.463699774743049096e-06
1.156280131207376050e+00 7.411177619477907529e-06
1.161622632608501959e+00 7.358979543386685985e-06
1.166989818617146790e+00 7.306701844061847149e-06
1.172381803286598467e+00 7.254665869317506847e-06
1.177798701197119158e+00 7.203173295342918034e-06
1.183240627458378658e+00 7.151908679079077211e-06
1.188707697711903322e+00 7.100649206998724078e-06
1.194200028133531877e+00 7.049693578545469551e-06
1.199717735435884336e+00 6.999202005920874117e-06
1.205260936870842681e+00 6.948885016542653710e-06
1.210829750232039981e+00 6.898649524739029447e-06
1.216424293857367944e+00 6.848744956090754697e-06
1.222044686631488020e+00 6.799236363803083727e-06
1.227691047988359152e+00 6.749877956686286031e-06
1.233363497913775975e+00 6.700663365202192746e-06
1.239062156947916327e+00 6.651779524297390982e-06
1.244787146187906091e+00 6.603243830320239980e-06
1.250538587290390691e+00 6.554858160853250562e-06
1.256316602474120803e+00 6.506637434831076267e-06
1.262121314522547388e+00 6.458793099063577822e-06
1.267952846786434495e+00 6.411200460692385163e-06
1.273811323186478495e+00 6.363763574015358571e-06
1.279696868215940864e+00 6.316558625911689466e-06
1.285609606943295846e+00 6.269688684195617507e-06
1.291549665014884107e+00 6.223060488937215278e-06
1.297517168657587483e+00 6.176592777597498553e-06
1.303512244681508836e+00 6.130376798083309613e-06
1.309535020482667012e+00 6.084474658010531283e-06
1.315585624045704449e+00 6.038795827059304059e-06
1.321664183946605231e+00 5.993292615979927193e-06
1.327770829355429782e+00 5.948054310614593897e-06
1.333905690039058678e+00 5.903108900320284291e-06
1.340068896363949991e+00 5.858373099614726148e-06
1.346260579298910409e+00 5.813829409149636405e-06
1.352480870417875458e+00 5.769556933642500901e-06
1.358729901902709924e+00 5.725557719142024042e-06
1.365007806546013835e+00 5.681759981943252456e-06
1.371314717753944867e+00 5.638169394113214649e-06
1.377650769549054299e+00 5.594851164926099114e-06
1.384016096573131627e+00 5.551788830866565814e-06
1.390410834090070491e+00 5.508924480054945933e-06
1.396835117988739716e+00 5.466279754952299353e-06
1.403289084785872332e+00 5.423904664300532207e-06
1.409772871628967028e+00 5.381770824539404047e-06
1.416286616299198720e+00 5.339835064624091577e-06
1.422830457214352640e+00 5.298128486651411041e-06
1.429404533431761104e+00 5.256685938883140716e-06
1.436008984651259812e+00 5.215472778333426487e-06
1.442643951218158138e+00 5.174460473842788726e-06
1.449309574126216527e+00 5.133683975506532130e-06
1.456005995020649202e+00 5.093163827264598660e-06
1.462733356201129986e+00 5.052863921897778935e-06
1.469491800624816547e+00 5.012769308111638669e-06
1.476281471909390186e+00 4.972914273358513327e-06
1.483102514336104516e+00 4.933306905177193163e-06
1.489955072852854556e+00 4.893913160965666841e-06
1.496839293077255606e+00 4.854729520595780755e-06
1.503755321299737657e+00 4.815786754472963435e-06
1.510703304486654908e+00 4.777082890661804576e-06
1.517683390283405265e+00 4.738588170510951352e-06
1.524695727017573832e+00 4.700307908840166066e-06
1.531740463702079724e+00 4.662267725651381833e-06
1.538817750038345533e+00 4.624458135292855510e-06
1.545927736419477672e+00 4.586854977327481278e-06
1.553070573933460041e+00 4.549469713531237841e-06
1.560246414366368795e+00 4.512321989047846367e-06
1.567455410205595090e+00 4.475397291973919310e-06
1.574697714643085833e+00 4.438677760177604346e-06
1.581973481578600627e+00 4.402178421880554633e-06
1.589282865622978047e+00 4.365912656601688322e-06
1.596626022101425901e+00 4.329863255232807902e-06
1.604003107056819921e+00 4.294018894280638133e-06
1.611414277253019112e+00 4.258395819041654476e-06
1.618859690178198418e+00 4.223001275851740461e-06
1.626339504048192275e+00 4.187817514237938076e-06
1.633853877809861244e+00 4.152839294951392378e-06
1.641402971144466427e+00 4.118082299252740088e-06
1.648986944471064975e+00 4.083548286773313960e-06
1.656605958949914470e+00 4.049220572396198604e-06
1.664260176485903520e+00 4.015099066070938692e-06
1.671949759731989227e+00 3.981197727088088046e-06
1.679674872092653093e+00 3.947513780007500810e-06
1.687435677727375793e+00 3.914032705665272887e-06
1.695232341554120614e+00 3.880758402710497857e-06
1.703065029252844420e+00 3.847702395689427991e-06
1.710933907269014398e+00 3.814858472029267336e-06
1.718839142817145671e+00 3.782215007661464005e-06
1.726780903884356011e+00 3.749778640698343613e-06
1.734759359233931653e+00 3.717558061880374710e-06
1.742774678408919087e+00 3.685544761326406865e-06
1.750827031735724182e+00 3.653730464489490418e-06
1.758916590327732621e+00 3.622123300713582315e-06
1.767043526088946548e+00 3.590728938594583597e-06
1.775208011717635204e+00 3.559537734182929313e-06
1.783410220710007987e+00 3.528544881747555533e-06
1.791650327363900397e+00 3.497758898028109186e-06
1.799928506782476401e+00 3.467182455095790546e-06
1.808244934877951682e+00 3.436805863199784212e-06
1.816599788375327762e+00 3.406627477152912911e-06
1.824993244816152327e+00 3.376655405751853248e-06
1.833425482562289766e+00 3.346889602219636345e-06
1.841896680799710806e+00 3.317321129977471655e-06
1.850407019542302134e+00 3.287950973741403743e-06
1.858956679635687337e+00 3.258786279847833739e-06
1.867545842761076047e+00 3.229824718535548506e-06
1.876174691439120412e+00 3.201058667323507962e-06
1.884843409033795325e+00 3.172491082110626906e-06
1.893552179756295306e+00 3.144127771555054488e-06
1.902301188668944709e+00 3.115964641820684569e-06
1.911090621689137903e+00 3.087995764322934067e-06
1.919920665593283893e+00 3.060225340253228504e-06
1.928791508020777812e+00 3.032657602035863728e-06
1.937703337477988841e+00 3.005287245232898113e-06
1.946656343342262341e+00 2.978110265759048021e-06
1.955650715865949074e+00 2.951131380058454498e-06
1.964686646180445528e+00 2.924353091664696923e-06
1.973764326300255334e+00 2.897769506835992027e-06
1.982883949127071332e+00 2.871378500542254067e-06
1.992045708453870301e+00 2.845184720961818974e-06
2.001249798969037208e+00 2.819188920364571961e-06
2.010496416260497909e+00 2.793385164518680819e-06
2.019785756819878486e+00 2.767772953468168271e-06
2.029118018046677907e+00 2.742356446736120308e-06
2.038493398252463340e+00 2.717134761054745848e-06
2.047912096665085446e+00 2.692102339116672158e-06
2.057374313432912771e+00 2.667259941929853414e-06
2.066880249629082122e+00 2.642610951620466807e-06
2.076430107255774704e+00 2.618153054986365992e-06
2.086024089248503799e+00 2.593881395451819036e-06
2.095662399480433091e+00 2.569797563198290092e-06
2.105345242766705205e+00 2.545903985825409046e-06
2.115072824868794665e+00 2.522197179066103937e-06
2.124845352498883067e+00 2.498673245621995072e-06
2.134663033324244452e+00 2.475334140259550384e-06
2.144526075971667556e+00 2.452181243567667334e-06
2.154434690031883370e+00 2.429210217529199582e-06
2.164389086064020251e+00 2.406418268089534494e-06
2.174389475600079891e+00 2.383807316559195707e-06
2.184436071149427505e+00 2.361377621491908441e-06
2.194529086203313550e+00 2.339124411786872337e-06
2.204668735239408761e+00 2.317045925615553719e-06
2.214855233726359174e+00 2.295143804067788396e-06
2.225088798128369572e+00 2.273417185655939023e-06
2.235369645909795366e+00 2.251861244402419856e-06
2.245697995539774006e+00 2.230475079926513849e-06
2.256074066496860375e+00 2.209259902541598994e-06
2.266498079273694177e+00 2.188213810462445666e-06
2.276970255381680186e+00 2.167332246711364805e-06
2.287490817355703143e+00 2.146614941027861673e-06
2.298059988758851091e+00 2.126062598395781566e-06
2.308677994187168458e+00 2.105672411005529847e-06
2.319345059274428689e+00 2.085440369158193759e-06
2.330061410696924629e+00 2.065366566208618929e-06
2.340827276178293115e+00 2.045451185110212962e-06
2.351642884494348440e+00 2.025690688076741222e-06
2.362508465477946462e+00 2.006081842619345130e-06
2.373424250023867366e+00 1.986624845685566005e-06
2.384390470093720626e+00 1.967319343455783521e-06
2.395407358720877955e+00 1.948161350574769052e-06
2.406475150015424003e+00 1.929148471629772436e-06
2.417594079169129717e+00 1.910280876280933543e-06
2.428764382460451898e+00 1.891557629779306476e-06
2.439986297259550074e+00 1.872974649503237254e-06
2.451260062033338460e+00 1.854530308272091999e-06
2.462585916350546800e+00 1.836224695633478787e-06
2.473964100886812734e+00 1.818056310327668261e-06
2.485394857429799931e+00 1.800021277175922729e-06
2.496878428884326873e+00 1.782118620730679892e-06
2.508415059277540049e+00 1.764348334411194035e-06
2.520004993764092038e+00 1.746708417016352266e-06
2.531648478631354227e+00 1.729195455640334491e-06
2.543345761304649510e+00 1.711808980375457551e-06
2.555097090352507205e+00 1.694548889615999030e-06
2.566902715491950371e+00 1.677412787202027239e-06
2.578762887593800901e+00 1.660397922135959903e-06
2.590677858688007706e+00 1.643504166289255495e-06
2.602647881969005983e+00 1.626731319872416860e-06
2.614673211801092023e+00 1.610076735179135018e-06
2.626754103723837108e+00 1.593538430252907451e-06
2.638890814457510281e+00 1.577116487464188976e-06
2.651083601908537535e+00 1.560810538179764166e-06
2.663332725174982318e+00 1.544617909070225657e-06
2.675638444552045137e+00 1.528537333564842294e-06
2.688001021537606228e+00 1.512569033617252957e-06
2.700420718837772682e+00 1.496712397142205582e-06
2.712897800372465973e+00 1.480964913524933610e-06
2.725432531281029025e+00 1.465325917310976359e-06
2.738025177927857712e+00 1.449795693079402581e-06
2.750676007908066101e+00 1.434373346316831893e-06
2.763385290053169907e+00 1.419056656121972952e-06
2.776153294436799701e+00 1.403845412159158756e-06
2.788980292380441206e+00 1.388739882168399231e-06
2.801866556459195134e+00 1.373738880865668603e-06
2.814812360507579658e+00 1.358840562947385583e-06
2.827817979625341316e+00 1.344045010713120187e-06
2.840883690183302779e+00 1.329352408100027049e-06
2.854009769829239040e+00 1.314761300529594968e-06
2.867196497493769591e+00 1.300270285697964635e-06
2.880444153396296336e+00 1.285879581871002484e-06
2.893753019050950392e+00 1.271589234935062693e-06
2.907123377272576636e+00 1.257397607050339510e-06
2.920555512182746671e+00 1.243303748695284519e-06
2.934049709215786894e+00 1.229307932864649542e-06
2.947606255124857189e+00 1.215410008835502425e-06
2.961225437988034503e+00 1.201608311977170704e-06
2.974907547214440395e+00 1.187902308042552815e-06
2.988652873550384115e+00 1.174292301950643127e-06
3.002461709085549213e+00 1.160777935150169064e-06
3.016334347259195692e+00 1.147357671958800950e-06
3.030271082866396348e+00 1.134031348987061751e-06
3.044272212064302874e+00 1.120799305478200971e-06
3.058338032378433269e+00 1.107661001678679523e-06
3.072468842709003667e+00 1.094615167147877059e-06
3.086664943337273037e+00 1.081661951914890764e-06
3.100926635931926523e+00 1.068801730598259547e-06
3.115254223555488089e+00 1.056033824697033592e-06
3.129648010670751823e+00 1.043357323069355399e-06
3.144108303147264749e+00 1.030772606748476523e-06
3.158635408267817191e+00 1.018280060596455127e-06
3.173229634734976212e+00 1.005878906396178598e-06
3.187891292677645705e+00 9.935686211486277028e-07
3.202620693657651785e+00 9.813497137491574968e-07
3.217418150676371713e+00 9.692224987511505662e-07
3.232283978181379247e+00 9.571861479134061938e-07
3.247218492073128626e+00 9.452404574025558782e-07
3.262222009711670090e+00 9.333859625155185838e-07
3.277294849923383602e+00 9.216228065381400734e-07
3.292437333007768974e+00 9.099501337800628413e-07
3.307649780744240875e+00 8.983679522653725099e-07
3.322932516398971803e+00 8.868767174453262621e-07
3.338285864731760810e+00 8.754763232783442422e-07
3.353710152002930656e+00 8.641658971294252388e-07
3.369205705980267140e+00 8.529455491104408922e-07
3.384772855945981096e+00 8.418155819024064699e-07
3.400411932703705897e+00 8.307756012158436446e-07
3.416123268585528283e+00 8.198247593306978588e-07
3.431907197459044490e+00 8.089631798677532293e-07
3.447764054734464345e+00 7.981910041741805912e-07
3.463694177371732685e+00 7.875075627233178421e-07
3.479697903887691623e+00 7.769121255172525995e-07
3.495775574363275240e+00 7.664047803822245262e-07
3.511927530450729584e+00 7.559855534888686095e-07
3.528154115380882860e+00 7.456535850093877633e-07
3.544455673970433818e+00 7.354083544140161557e-07
3.560832552629277892e+00 7.252499395996055736e-07
3.577285099367873311e+00 7.151782871405352156e-07
3.593813663804627634e+00 7.051925046639744708e-07
3.610418597173337130e+00 6.952923208114922117e-07
3.627100252330646590e+00 6.854778649431998818e-07
3.643858983763544224e+00 6.757490285042806620e-07
3.660695147596902288e+00 6.661050206462038320e-07
3.677609101601032382e+00 6.565458133987074525e-07
3.694601205199302463e+00 6.470716118094186003e-07
3.711671819475764966e+00 6.376822499029277337e-07
3.728821307182833777e+00 6.283771017329783049e-07
3.746050032748993175e+00 6.191563192451123641e-07
3.763358362286534753e+00 6.100201435017363614e-07
3.780746663599349411e+00 6.009683097998794380e-07
3.798215306190734442e+00 5.920003470528507219e-07
3.815764661271248581e+00 5.831164680103245859e-07
3.833395101766601254e+00 5.743168651506319257e-07
3.851107002325570683e+00 5.656011024020349864e-07
3.868900739327975735e+00 5.569688157212912039e-07
3.886776690892665531e+00 5.484201361826666788e-07
3.904735236885560123e+00 5.399551101120016002e-07
3.922776758927719598e+00 5.315730829868076750e-07
3.940901640403449591e+00 5.232737272616918018e-07
3.959110266468458761e+00 5.150570025863015269e-07
3.977403024058034475e+00 5.069227360005873786e-07
3.995780301895269560e+00 4.988700713292411367e-07
4.014242490499322358e+00 4.908986744546340182e-07
4.032789982193706990e+00 4.830083243884983221e-07
4.051423171114647559e+00 4.751986221490955311e-07
4.070142453219436796e+00 4.674686043681479496e-07
4.088948226294862209e+00 4.598179368283619865e-07
4.107840889965646447e+00 4.522462985317952968e-07
4.126820845702954266e+00 4.447531214347402436e-07
4.145888496832911052e+00 4.373374963773425833e-07
4.165044248545182626e+00 4.299991355992589734e-07
4.184288507901582577e+00 4.227377491320572269e-07
4.203621683844713353e+00 4.155526967581473987e-07
4.223044187206673961e+00 4.084432910952377344e-07
4.242556430717777438e+00 4.014093460676037666e-07
4.262158829015322503e+00 3.944507034839532248e-07
4.281851798652413166e+00 3.875667489212821924e-07
4.301635758106795215e+00 3.807570918354557658e-07
4.321511127789764650e+00 3.740216779597180336e-07
4.341478330055092094e+00 3.673604575011330064e-07
4.361537789208003169e+00 3.607728927894608880e-07
4.381689931514192615e+00 3.542588173068122681e-07
4.401935185208874834e+00 3.478182451747697242e-07
4.422273980505899260e+00 3.414511075282853659e-07
4.442706749606882610e+00 3.351568649495136084e-07
4.463233926710395316e+00 3.289354071002172799e-07
4.483855948021188809e+00 3.227866460282319292e-07
4.504573251759458330e+00 3.167103165526002878e-07
4.525386278170168808e+00 3.107057357434065076e-07
4.546295469532399380e+00 3.047726582952285715e-07
4.567301270168744765e+00 2.989107440877024466e-07
4.588404126454759258e+00 2.931193949881793336e-07
4.609604486828433600e+00 2.873977396977549806e-07
4.630902801799739343e+00 2.817452951590693174e-07
4.652299523960189198e+00 2.761614946731906835e-07
4.673795107992461340e+00 2.706454229365771094e-07
4.695390010680060122e+00 2.651961800654137925e-07
4.717084690917017653e+00 2.598131335020067068e-07
4.738879609717653096e+00 2.544956978993093498e-07
4.760775230226368393e+00 2.492428817862661111e-07
4.782772017727483060e+00 2.440540047234994759e-07
4.804870439655131165e+00 2.389285657419107771e-07
4.827070965603183161e+00 2.338661713720994258e-07
4.849374067335235239e+00 2.288660747053824726e-07
4.871780218794630635e+00 2.239279693386113321e-07
4.894289896114528915e+00 2.190516813189769139e-07
4.916903577628028543e+00 2.142370599942198146e-07
4.939621743878320537e+00 2.094836815468213420e-07
4.962444877628915840e+00 2.047915278826818672e-07
4.985373463873894018e+00 2.001606184014498679e-07
5.008407989848209674e+00 1.955908388318229244e-07
5.031548945038053944e+00 1.910818285078059677e-07
5.054796821191240852e+00 1.866335311784213178e-07
5.078152112327673606e+00 1.822457908713910030e-07
5.101615314749833985e+00 1.779181798248495841e-07
5.125186927053330344e+00 1.736500803931839282e-07
5.148867450137495361e+00 1.694410613090275280e-07
5.172657387216019309e+00 1.652905809141167980e-07
5.196557243827659711e+00 1.611977164272679435e-07
5.220567527846974976e+00 1.571615934607568271e-07
5.244688749495116653e+00 1.531814086211204968e-07
5.268921421350674095e+00 1.492564088209047545e-07
5.293266058360561743e+00 1.453854538796618244e-07
5.317723177850969485e+00 1.415677418889368063e-07
5.342293299538352080e+00 1.378025336938179550e-07
5.366976945540476329e+00 1.340892518687433954e-07
5.391774640387502870e+00 1.304270632913893898e-07
5.416686911033152363e+00 1.268155872160634136e-07
5.441714286865890315e+00 1.232545512561793313e-07
5.466857299720180308e+00 1.197437608631897497e-07
5.492116483887789613e+00 1.162828860135816768e-07
5.517492376129125908e+00 1.128719520213050006e-07
5.542985515684669018e+00 1.095110264955943936e-07
5.568596444286411540e+00 1.062000606125993380e-07
5.594325706169377632e+00 1.029388552288609665e-07
5.620173848083187984e+00 9.972740126764954936e-08
5.646141419303670084e+00 9.656557475927187264e-08
5.672228971644543094e+00 9.345296873822271055e-08
5.698437059469139143e+00 9.038903983979031144e-08
5.724766239702178794e+00 8.737328489399354785e-08
5.751217071841614015e+00 8.440510084013481602e-08
5.777790117970504014e+00 8.148350684614139045e-08
5.804485942768978113e+00 7.860762443419179938e-08
5.831305113526221717e+00 7.577654964790943374e-08
5.858248200152536000e+00 7.298947850484683632e-08
5.885315775191449994e+00 7.024529994562186885e-08
5.912508413831877974e+00 6.754327547349187050e-08
5.939826693920356782e+00 6.488272420346271781e-08
5.967271195973313347e+00 6.226315840100686140e-08
5.994842503189408589e+00 5.968397108339568196e-08
6.022541201461927507e+00 5.714496063158992554e-08
6.050367879391221670e+00 5.464605161418313823e-08
6.078323128297229871e+00 5.218721606781805564e-08
6.106407542232039631e+00 4.976836929503209845e-08
6.134621717992506440e+00 4.738965774067123450e-08
6.162966255132942273e+00 4.505121403779522513e-08
6.191441755977844075e+00 4.275299726866294397e-08
6.220048825634711953e+00 4.049480147996599747e-08
6.248788072006891348e+00 3.827646624377865747e-08
6.277660105806499580e+00 3.609765874249188303e-08
6.306665540567405692e+00 3.395772392979646352e-08
6.335804992658251145e+00 3.185590957866529326e-08
6.365079081295570873e+00 2.979140207100493991e-08
6.394488428556940107e+00 2.776336734838128595e-08
6.424033659394190465e+00 2.577065647340382155e-08
6.453715401646701544e+00 2.381235530942883412e-08
6.483534286054723594e+00 2.188756894631669171e-08
6.513490946272802340e+00 1.999562615172494782e-08
6.543586018883232214e+00 1.813575250118981652e-08
6.573820143409585093e+00 1.630758872351648915e-08
6.604193962330305645e+00 1.451095619497736525e-08
6.634708121092347533e+00 1.274583651100840541e-08
6.665363268124913532e+00 1.101223381329507846e-08
6.696160054853218746e+00 9.310390807683034671e-09
6.727099135712336420e+00 7.640615043833650708e-09
6.758181168161110364e+00 6.003085365108218932e-09
6.789406812696109128e+00 4.397807218925470214e-09
6.820776732865684977e+00 2.824780571301855824e-09
6.852291595284061287e+00 1.283777837134791301e-09
6.883952069645496330e+00 -2.257256094933311867e-10
6.915758828738525210e+00 -1.704497448877632408e-09
6.947712548460236448e+00 -3.153368879600531129e-09
6.979813907830660469e+00 -4.573265564349093913e-09
7.012063589007180298e+00 -5.965347374278898966e-09
7.044462277299037289e+00 -7.330605121957997676e-09
7.077010661181889262e+00 -8.669932588801019302e-09
7.109709432312435240e+00 -9.983951976314933709e-09
7.142559285543126357e+00 -1.127326927377394180e-08
7.175560918936924715e+00 -1.253809002573466592e-08
7.208715033782135073e+00 -1.377836096172770661e-08
7.242022334607315592e+00 -1.499387076640796402e-08
7.275483529196228538e+00 -1.618436688090547261e-08
7.309099328602910894e+00 -1.734948402745438672e-08
7.342870447166761849e+00 -1.848885376795058677e-08
7.376797602527734199e+00 -1.960231625369269455e-08
7.410881515641570161e+00 -2.069000359178920652e-08
7.445122910795139326e+00 -2.175214016386126670e-08
7.479522515621821022e+00 -2.278925183323764628e-08
7.514081061116965721e+00 -2.380208132795436508e-08
7.548799281653435500e+00 -2.479163384180120861e-08
7.583677914997190683e+00 -2.575883024646802702e-08
7.618717702322995500e+00 -2.670459305997036201e-08
7.653919388230147725e+00 -2.762982617269574813e-08
7.689283720758309570e+00 -2.853520557349277206e-08
7.724811451403404305e+00 -2.942112684835605210e-08
7.760503335133570602e+00 -3.028770923482581876e-08
7.796360130405233235e+00 -3.113496434065211619e-08
7.832382599179195992e+00 -3.196268235524228714e-08
7.868571506936847371e+00 -3.277048824713931091e-08
7.904927622696424017e+00 -3.355805988167354820e-08
7.941451719029339884e+00 -3.432523299847029437e-08
7.978144572076624641e+00 -3.507194236703687194e-08
8.015006961565404708e+00 -3.579832381858696143e-08
8.052039670825474005e+00 -3.650472121233115737e-08
8.089243486805942851e+00 -3.719183945906551145e-08
8.126619200091946382e+00 -3.786034212539537892e-08
8.164167604921468424e+00 -3.851105930973725973e-08
8.201889499202202671e+00 -3.914475002504116309e-08
8.239785684528515119e+00 -3.976220400038854441e-08
8.277856966198475774e+00 -4.036389905566173207e-08
8.316104153230961415e+00 -4.095012895197573081e-08
8.354528058382866718e+00 -4.152103257039270332e-08
8.393129498166365110e+00 -4.207657018218968189e-08
8.431909292866254901e+00 -4.261650563205277719e-08
8.470868266557406656e+00 -4.314055910177382502e-08
8.510007247122246099e+00 -4.364855502054480702e-08
8.549327066268380904e+00 -4.414041584012068870e-08
8.588828559546250574e+00 -4.461617900382264126e-08
8.628512566366891789e+00 -4.507607111295631582e-08
8.668379930019778357e+00 -4.552062628798341433e-08
8.708431497690723333e+00 -4.595040737045920188e-08
8.748668120479909049e+00 -4.636610939822895159e-08
8.789090653419954435e+00 -4.676834387499792442e-08
8.829699955494087149e+00 -4.715780431948065926e-08
8.870496889654408079e+00 -4.753489207907644209e-08
8.911482322840202031e+00 -4.789985419021371414e-08
8.952657125996395848e+00 -4.825275674496614250e-08
8.994022174092044963e+00 -4.859355708605065876e-08
9.035578346138924744e+00 -4.892205587475124739e-08
9.077326525210228425e+00 -4.923800354117728916e-08
9.119267598459298796e+00 -4.954126128753903920e-08
9.161402457138516198e+00 -4.983183112206537030e-08
9.203731996618220279e+00 -5.010979807975566130e-08
9.246257116405738330e+00 -5.037542839791692464e-08
9.288978720164502434e+00 -5.062917759271865329e-08
9.331897715733239451e+00 -5.087159362672687727e-08
9.375015015145285346e+00 -5.110322486310050350e-08
9.418331534647951031e+00 -5.132455759709798829e-08
9.461848194721996563e+00 -5.153609565160905879e-08
9.505565920101195942e+00 -5.173814854523027476e-08
9.549485639791965852e+00 -5.193087957850942246e-08
9.593608287093141840e+00 -5.211431257581125006e-08
9.637934799615786474e+00 -5.228842586214628936e-08
9.682466119303123619e+00 -5.245309300388082682e-08
9.727203192450541991e+00 -5.260812333484548449e-08
9.772146969725724830e+00 -5.275338970838993689e-08
9.817298406188836424e+00 -5.288887016353353057e-08
9.862658461312820535e+00 -5.301459193086490373e-08
9.908228099003798306e+00 -5.313072512148737744e-08
9.954008287621523010e+00 -5.323757635665460494e-08
1.000000000000000000e+01 -5.333566981497050588e-08
