1.000000000000000056e-01 4.896460556114855576e-05
1.004620421346812675e-01 4.829067997250632046e-05
1.009262190987047642e-01 4.809619169841193386e-05
1.013925407558815134e-01 4.838474939749019214e-05
1.018610170155975769e-01 4.904553712262113574e-05
1.023316578330244891e-01 4.986744782779028133e-05
1.028044732093309210e-01 5.062027376530883001e-05
1.032794731918951769e-01 5.106886317225755364e-05
1.037566678745185655e-01 5.106543534746471559e-05
1.042360673976401725e-01 5.056183331399100500e-05
1.047176819485520216e-01 4.963314780831406777e-05
1.052015217616158460e-01 4.847778072520488003e-05
1.056875971184804280e-01 4.733334270342613894e-05
1.061759183482999802e-01 4.645304562563534712e-05
1.066664958279539277e-01 4.600875140699373225e-05
1.071593399822671072e-01 4.607331136943770415e-05
1.076544612842315340e-01 4.658854290174400926e-05
1.081518702552288352e-01 4.735952687966238833e-05
1.086515774652538069e-01 4.813971639952422440e-05
1.091535935331391649e-01 4.866681971474109009e-05
1.096579291267809897e-01 4.875384182640613592e-05
1.101645949633656418e-01 4.832823009774003093e-05
1.106736018095973717e-01 4.745429676093580192e-05
1.111849604819270670e-01 4.633620805855015690e-05
1.116986818467823189e-01 4.523301408635707274e-05
1.122147768207980290e-01 4.441183765793632658e-05
1.127332563710486818e-01 4.406157977285239804e-05
1.132541315152811728e-01 4.422993083736100013e-05
1.137774133221491069e-01 4.481755242979264015e-05
1.143031129114479155e-01 4.559900645800164272e-05
1.148312414543511129e-01 4.629832058537190488e-05
1.153618101736478274e-01 4.664989979428775090e-05
1.158948303439810978e-01 4.649258410541312722e-05
1.164303132920876532e-01 4.582461811362268435e-05
1.169682703970385262e-01 4.480388085130851042e-05
1.175087130904807486e-01 4.369867536509125852e-05
1.180516528568805179e-01 4.280054326535624780e-05
1.185971012337669744e-01 4.233913826718362750e-05
1.191450698119776025e-01 4.241159765579427071e-05
1.196955702359043389e-01 4.294874682973422051e-05
1.202486142037412220e-01 4.370378568269801724e-05
1.208042134677328600e-01 4.439607474941894145e-05
1.213623798344240778e-01 4.472718041906101891e-05
1.219231251649110781e-01 4.453677806867529349e-05
1.224864613750931419e-01 4.383899458243786768e-05
1.230524004359261625e-01 4.281092024556328962e-05
1.236209543736768862e-01 4.175553671476294739e-05
1.241921352701783610e-01 4.098200951552378725e-05
1.247659552630869806e-01 4.070310073250278318e-05
1.253424265461400011e-01 4.096404078181855137e-05
1.259215613694150970e-01 4.161994811640244132e-05
1.265033720395903616e-01 4.236066210118276647e-05
1.270878709202058476e-01 4.288541329091074503e-05
1.276750704319265795e-01 4.292552330147679041e-05
1.282649830528060642e-01 4.241591766988045978e-05
1.288576213185518016e-01 4.148948204570312011e-05
1.294529978227915712e-01 4.044113950779080525e-05
1.300511252173408849e-01 3.960309457559086884e-05
1.306520162124721329e-01 3.923877549827406273e-05
1.312556835771843400e-01 3.942913810480109171e-05
1.318621401394748371e-01 4.004783718712112570e-05
1.324713987866117104e-01 4.077590082546156972e-05
1.330834724654074985e-01 4.128744926282363855e-05
1.336983741824946670e-01 4.129913896885220554e-05
1.343161170046016095e-01 4.074943906384203863e-05
1.349367140588306480e-01 3.980583495768875275e-05
1.355601785329368647e-01 3.879976939161157765e-05
1.361865236756081843e-01 3.807630540281459571e-05
1.368157627967472034e-01 3.788467954851837985e-05
1.374479092677537428e-01 3.824138635685727565e-05
1.380829765218092309e-01 3.892842236137005087e-05
1.387209780541620585e-01 3.959364415673329626e-05
1.393619274224142390e-01 3.987877593764342947e-05
1.400058382468097606e-01 3.960366495337365439e-05
1.406527242105237163e-01 3.882230585241310027e-05
1.413025990599533765e-01 3.782465715301179879e-05
1.419554766050101224e-01 3.698400449499808675e-05
1.426113707194128777e-01 3.662326136376315659e-05
1.432702953409830948e-01 3.683950242067115177e-05
1.439322644719407129e-01 3.747242703177872911e-05
1.445972921792019472e-01 3.815102614413237882e-05
1.452653925946780777e-01 3.850542405646580952e-05
1.459365799155756538e-01 3.828977542608101716e-05
1.466108684046984467e-01 3.753834595694187148e-05
1.472882723907502633e-01 3.657132936677123537e-05
1.479688062686396188e-01 3.575664493565694355e-05
1.486524844997856865e-01 3.545178637685664729e-05
1.493393216124252187e-01 3.573506243335639320e-05
1.500293322019218278e-01 3.638682370715401942e-05
1.507225309310756267e-01 3.701759194947690473e-05
1.514189325304352018e-01 3.723866922051935095e-05
1.521185517986104463e-01 3.686158102393110084e-05
1.528214036025870026e-01 3.601210486678553665e-05
1.535275028780422601e-01 3.507896785090104566e-05
1.542368646296628232e-01 3.445840225086946215e-05
1.549495039314631728e-01 3.442794454891382291e-05
1.556654359271061605e-01 3.493460977895888170e-05
1.563846758302246953e-01 3.560359028376445861e-05
1.571072389247450407e-01 3.603966920298784938e-05
1.578331405652117214e-01 3.590162900905351635e-05
1.585623961771137069e-01 3.519363503827649430e-05
1.592950212572122604e-01 3.427199266100228382e-05
1.600310313738700918e-01 3.353774728437304087e-05
1.607704421673823714e-01 3.336781008596108100e-05
1.615132693503090466e-01 3.378283525169451917e-05
1.622595287078087423e-01 3.444003343543610340e-05
1.630092360979740751e-01 3.491990971310313558e-05
1.637624074521688011e-01 3.483665995377796293e-05
1.645190587753662392e-01 3.416867683085000131e-05
1.652792061464894713e-01 3.326014259994632669e-05
1.660428657187530133e-01 3.255860744173307871e-05
1.668100537200058742e-01 3.243392900401570927e-05
1.675807864530767799e-01 3.288461510122747222e-05
1.683550802961202297e-01 3.353780606612884380e-05
1.691329517029648011e-01 3.392365838343527461e-05
1.699144172034626477e-01 3.370792965890731144e-05
1.706994934038407463e-01 3.294904064192128503e-05
1.714881969870540035e-01 3.206814741460121542e-05
1.722805447131393886e-01 3.154924125061038271e-05
1.730765534195724820e-01 3.166039375875346603e-05
1.738762400216250781e-01 3.223959794597830875e-05
1.746796215127245366e-01 3.282714371448387889e-05
1.754867149648151048e-01 3.294288473584744751e-05
1.762975375287205715e-01 3.242124580896428842e-05
1.771121064345087814e-01 3.156321466140156495e-05
1.779304389918577867e-01 3.084239849796792789e-05
1.787525525904234969e-01 3.070004705034711938e-05
1.795784647002095780e-01 3.115141798081708612e-05
1.804081928719382666e-01 3.177538303035944389e-05
1.812417547374236826e-01 3.206700883894382157e-05
1.820791680099462795e-01 3.171310649418259883e-05
1.829204504846293211e-01 3.089604616530218235e-05
1.837656200388171346e-01 3.012561705282773547e-05
1.846146946324547511e-01 2.989502769993639393e-05
1.854676923084698503e-01 3.029365714682448105e-05
1.863246311931560373e-01 3.090442828143197376e-05
1.871855294965578675e-01 3.122244154530522884e-05
1.880504055128582597e-01 3.088858599804718524e-05
1.889192776207666291e-01 3.008473613519667219e-05
1.897921642839100476e-01 2.934460038533723625e-05
1.906690840512252350e-01 2.916328404976734493e-05
1.915500555573527997e-01 2.960246644848763873e-05
1.924350975230331162e-01 3.020430187699933396e-05
1.933242287555045347e-01 3.040859090385375526e-05
1.942174681489025334e-01 2.994137088267813902e-05
1.951148346846616755e-01 2.913034471444874175e-05
1.960163474319185639e-01 2.850958201965463350e-05
1.969220255479172399e-01 2.853242088810834244e-05
1.978318882784164401e-01 2.908338708960070491e-05
1.987459549580982698e-01 2.960060075318796387e-05
1.996642450109794020e-01 2.954066685989777878e-05
2.005867779508233861e-01 2.886982037219186135e-05
2.015135733815557606e-01 2.808908344767619647e-05
2.024446509976803865e-01 2.776678552987193167e-05
2.033800305846981127e-01 2.811553704941078941e-05
2.043197320195271061e-01 2.870571636495048017e-05
2.052637752709252084e-01 2.893501519524071587e-05
2.062121803999143466e-01 2.846976484469354178e-05
2.071649675602068863e-01 2.768115600350891682e-05
2.081221569986338171e-01 2.715760819411463289e-05
2.090837690555750472e-01 2.732137821375680309e-05
2.100498241653915299e-01 2.789841658952423243e-05
2.110203428568595552e-01 2.826567058896409278e-05
2.119953457536070951e-01 2.794568610108475351e-05
2.129748535745520088e-01 2.718542443970857020e-05
2.139588871343422183e-01 2.658930714967727325e-05
2.149474673437980488e-01 2.666686845109659100e-05
2.159406152103566512e-01 2.722368087670606337e-05
2.169383518385184229e-01 2.762190860570154356e-05
2.179406984302954819e-01 2.733632265582615361e-05
2.189476762856621128e-01 2.659240793806177445e-05
2.199593068030074872e-01 2.601154995954314163e-05
2.209756114795902171e-01 2.612171598639985746e-05
2.219966119119954895e-01 2.667806018211951570e-05
2.230223297965937546e-01 2.701931061217048886e-05
2.240527869300018848e-01 2.665837788031038741e-05
2.250880052095461659e-01 2.590440284798190300e-05
2.261280066337278405e-01 2.542941765241837676e-05
2.271728133026905128e-01 2.568192926903786904e-05
2.282224474186897445e-01 2.622560716653985142e-05
2.292769312865649278e-01 2.640969350373123211e-05
2.303362873142131284e-01 2.587350685445994757e-05
2.314005380130652878e-01 2.514150976071044170e-05
2.324697059985647851e-01 2.490771617758673814e-05
2.335438139906478860e-01 2.534241852102666500e-05
2.346228848142263013e-01 2.582708993659747114e-05
2.357069413996727703e-01 2.569438304962704984e-05
2.367960067833077553e-01 2.500354026385354962e-05
2.378901041078893275e-01 2.443854821522741053e-05
2.389892566231049675e-01 2.458630181639320900e-05
2.400934876860652545e-01 2.512994306461196361e-05
2.412028207618006903e-01 2.533737793259578335e-05
2.423172794237599403e-01 2.481595498560042073e-05
2.434368873543110434e-01 2.411753842284122712e-05
2.445616683452445927e-01 2.397184080176855604e-05
2.456916462982790816e-01 2.444574487081357930e-05
2.468268452255692469e-01 2.483549956858984641e-05
2.479672892502158832e-01 2.450918347983596456e-05
2.491130026067788494e-01 2.380546210656977254e-05
2.502640096417918514e-01 2.347080205335277690e-05
2.514203348142797223e-01 2.386652754948861941e-05
2.525820026962784515e-01 2.434105214586028152e-05
2.537490379733570167e-01 2.415412468338379865e-05
2.549214654451423256e-01 2.346077117839252626e-05
2.560993100258458499e-01 2.303526738949345651e-05
2.572825967447933682e-01 2.335971247567104891e-05
2.584713507469563742e-01 2.384029264905788555e-05
2.596655972934870937e-01 2.370868668990513094e-05
2.608653617622547771e-01 2.304385982583012616e-05
2.620706696483851572e-01 2.262556096471854579e-05
2.632815465648021269e-01 2.295924357907549364e-05
2.644980182427719706e-01 2.342597935637157378e-05
2.657201105324505375e-01 2.324036638979084949e-05
2.669478494034320804e-01 2.256214465361822439e-05
2.681812609453014806e-01 2.221219177010511268e-05
2.694203713681883605e-01 2.261151119578982128e-05
2.706652070033241375e-01 2.303512150171661515e-05
2.719157943036017433e-01 2.272602728128955815e-05
2.731721598441376186e-01 2.205588745080067656e-05
2.744343303228364839e-01 2.187192805486158506e-05
2.757023325609583853e-01 2.233548874045844905e-05
2.769761935036890721e-01 2.261696091820314343e-05
2.782559402207124277e-01 2.213514640565074633e-05
2.795415999067856205e-01 2.154058192007218470e-05
2.808331998823171971e-01 2.164154230367658287e-05
2.821307675939472293e-01 2.211440096270271915e-05
2.834343306151309028e-01 2.210838046029371440e-05
2.847439166467246041e-01 2.148613773526629464e-05
2.860595535175741722e-01 2.111928594876808082e-05
2.873812691851065360e-01 2.149725355964389388e-05
2.887090917359236286e-01 2.186211678509012820e-05
2.900430493863991877e-01 2.145999972468735770e-05
2.913831704832787195e-01 2.084985292819113847e-05
2.927294835042815735e-01 2.091946701790414021e-05
2.940820170587062909e-01 2.140161438502809966e-05
2.954407998880381192e-01 2.136282670941600504e-05
2.968058608665602449e-01 2.073431886759745192e-05
2.981772290019671923e-01 2.045528247775145917e-05
2.995549334359813298e-01 2.088968965520076834e-05
3.009390034449720419e-01 2.114625042855222106e-05
3.023294684405777866e-01 2.061837023027001677e-05
3.037263579703311511e-01 2.011254459745643558e-05
3.051297017182869054e-01 2.041577144219399321e-05
3.065395295056526637e-01 2.082687500673133734e-05
3.079558712914226004e-01 2.045787443658599714e-05
3.093787571730138297e-01 1.986828045579939914e-05
3.108082173869063936e-01 2.000217596708729888e-05
3.122442823092856368e-01 2.045762209652808705e-05
3.136869824566877463e-01 2.024582654049558576e-05
3.151363484866478437e-01 1.963635783838247042e-05
3.165924111983522415e-01 1.964710484940274343e-05
3.180552015332919757e-01 2.011030607158570134e-05
3.195247505759211681e-01 1.998937769904825725e-05
3.210010895543172205e-01 1.938311483225972612e-05
3.224842498408441172e-01 1.934084474717513187e-05
3.239742629528197249e-01 1.979829716094115748e-05
3.254711605531848129e-01 1.969750989917078333e-05
3.269749744511766254e-01 1.910302601430484252e-05
3.284857366030044523e-01 1.907674316774114729e-05
3.300034791125284195e-01 1.951921972372137889e-05
3.315282342319424980e-01 1.937328367835833639e-05
3.330600343624588455e-01 1.880685102229882040e-05
3.345989120549973106e-01 1.884682628533577579e-05
3.361449000108766016e-01 1.925826502352256489e-05
3.376980310825090648e-01 1.903931338287917152e-05
3.392583382740993470e-01 1.849709088105694493e-05
3.408258547423451690e-01 1.863891802170330629e-05
3.424006137971423724e-01 1.902438207844349196e-05
3.439826489022925204e-01 1.866931041511832320e-05
3.455719936762138289e-01 1.818333817075942625e-05
3.471686818926561502e-01 1.848873336174056335e-05
3.487727474814177331e-01 1.876514846498159150e-05
3.503842245290674229e-01 1.824963656727850435e-05
3.520031472796679717e-01 1.796183681722008431e-05
3.536295501355041782e-01 1.839063714455314280e-05
3.552634676578141359e-01 1.838082310931624412e-05
3.569049345675229801e-01 1.781574122255934856e-05
3.585539857459816293e-01 1.787485531314568941e-05
3.602106562357070829e-01 1.826045856227176051e-05
3.618749812411279354e-01 1.792694269455545066e-05
3.635469961293319452e-01 1.748852677040908796e-05
3.652267364308175446e-01 1.780838314763948319e-05
3.669142378402492910e-01 1.798394067103521680e-05
3.686095362172158718e-01 1.745451883307420299e-05
3.703126675869926054e-01 1.735279498055187681e-05
3.720236681413067736e-01 1.777906199102747821e-05
3.737425742391063954e-01 1.749394892368777554e-05
3.754694224073336084e-01 1.703854406671209803e-05
3.772042493416998266e-01 1.738921238146658578e-05
3.789470919074666710e-01 1.749000034650183613e-05
3.806979871402286220e-01 1.697921226937481497e-05
3.824569722466998889e-01 1.697098902070202112e-05
3.842240846055060000e-01 1.735982627994861458e-05
3.859993617679768341e-01 1.698300609808168167e-05
3.877828414589456485e-01 1.665554843400072693e-05
3.895745615775503268e-01 1.705888014707289093e-05
3.913745601980384015e-01 1.693431167820694288e-05
3.931828755705769063e-01 1.645392204166033835e-05
3.949995461220643933e-01 1.672589160266939071e-05
3.968246104569480570e-01 1.688449313257643975e-05
3.986581073580440782e-01 1.637849034253257354e-05
4.005000757873611317e-01 1.640784112325513992e-05
4.023505548869292237e-01 1.673191486264602755e-05
4.042095839796306933e-01 1.628074375028884790e-05
4.060772025700365440e-01 1.617216749406773550e-05
4.079534503452451055e-01 1.651724219995297251e-05
4.098383671757261371e-01 1.621875258955851945e-05
4.117319931161678159e-01 1.591318486268510470e-05
4.136343684063274462e-01 1.630916673747070594e-05
4.155455334718875515e-01 1.609128020127529763e-05
4.174655289253136892e-01 1.570339819736301417e-05
4.193943955667186474e-01 1.608864832274283790e-05
4.213321743847288081e-01 1.599059009078205207e-05
4.232789065573549503e-01 1.555181879556227022e-05
4.252346334528682159e-01 1.587978904754994944e-05
4.271993966306779078e-01 1.581491818096815810e-05
4.291732378422157268e-01 1.537671462890127842e-05
4.311561990318227289e-01 1.569996092532936204e-05
4.331483223376399461e-01 1.568150430107944656e-05
4.351496500925050026e-01 1.523801485666364115e-05
4.371602248248504519e-01 1.554404150983040937e-05
4.391800892596086081e-01 1.547433937168373770e-05
4.412092863191188763e-01 1.506581834256421168e-05
4.432478591240396892e-01 1.537733176887226116e-05
4.452958509942655518e-01 1.529290039051270955e-05
4.473533054498465278e-01 1.492674851702082206e-05
4.494202662119142211e-01 1.528513123449838995e-05
4.514967772036100890e-01 1.508476061131524399e-05
4.535828825510187512e-01 1.479140315837425322e-05
4.556786265841064054e-01 1.514200886532027365e-05
4.577840538376618529e-01 1.482942876513466882e-05
4.598992090522438514e-01 1.468679252575765279e-05
4.620241371751311887e-01 1.501484093672399385e-05
4.641588833612778631e-01 1.461266843643887333e-05
4.663034929742731483e-01 1.464298119655184387e-05
4.684580115873047679e-01 1.483299926260731943e-05
4.706224849841281754e-01 1.437431390775456523e-05
4.727969591600389432e-01 1.458206069801430306e-05
4.749814803228500915e-01 1.457314484402595807e-05
4.771760948938745805e-01 1.420789773622566419e-05
4.793808495089109112e-01 1.453794877117741122e-05
4.815957910192352198e-01 1.430556195039313607e-05
4.838209664925955944e-01 1.415091639835513878e-05
4.860564232142134955e-01 1.444858613259758441e-05
4.883022086877880086e-01 1.403466876364855952e-05
4.905583706365048147e-01 1.416315809665392364e-05
4.928249570040514338e-01 1.420275197706641454e-05
4.951020159556350220e-01 1.382709985623647597e-05
4.973895958790063854e-01 1.413845226227510791e-05
4.996877453854883799e-01 1.385865746032240385e-05
5.019965133110081412e-01 1.379873291942081635e-05
5.043159487171360311e-01 1.400969933568567879e-05
5.066461008921266940e-01 1.361322241116782988e-05
5.089870193519681063e-01 1.388281041878433025e-05
5.113387538414325695e-01 1.371081042059814521e-05
5.137013543351340861e-01 1.355431596894062022e-05
5.160748710385908433e-01 1.378095737384255481e-05
5.184593543892911383e-01 1.340530977724646838e-05
5.208548550577661862e-01 1.360447488476906683e-05
5.232614239486661489e-01 1.345913944182565452e-05
5.256791122018421580e-01 1.329263935813466834e-05
5.281079711934332233e-01 1.352178883641402083e-05
5.305480525369572486e-01 1.314260089184058207e-05
5.329994080844089321e-01 1.339323808836960202e-05
5.354620899273607737e-01 1.319026854663072083e-05
5.379361503980700787e-01 1.313557325289630742e-05
5.404216420705916235e-01 1.328371200786492187e-05
5.429186177618940956e-01 1.295764218397330063e-05
5.454271305329833064e-01 1.325157109564470490e-05
5.479472336900287344e-01 1.292041940870016261e-05
5.504789807854970629e-01 1.304656100220354915e-05
5.530224256192901588e-01 1.296040407756100422e-05
5.555776222398876030e-01 1.280626898297690939e-05
5.581446249454963260e-01 1.298836853781829114e-05
5.607234882852032420e-01 1.264590245279756487e-05
5.633142670601354318e-01 1.289714690568924505e-05
5.659170163246244334e-01 1.255626419641768263e-05
5.685317913873751960e-01 1.272348633043735063e-05
5.711586478126432498e-01 1.259762754334211825e-05
5.737976414214134291e-01 1.252385208906849851e-05
5.764488282925875895e-01 1.260023794340464900e-05
5.791122647641759880e-01 1.233762199837700061e-05
5.817880074344934371e-01 1.258203599584990545e-05
5.844761131633634532e-01 1.224928709376416460e-05
5.871766390733255125e-01 1.249053481937026551e-05
5.898896425508496355e-01 1.219655793803211094e-05
5.926151812475554115e-01 1.236935077592314262e-05
5.953533130814369079e-01 1.217830445881226459e-05
5.981040962380941295e-01 1.224209047236449122e-05
6.008675891719686968e-01 1.217035132903414001e-05
6.036438506075867405e-01 1.207436609172661693e-05
6.064329395408063483e-01 1.215148008018263829e-05
6.092349152400710066e-01 1.194752306137981050e-05
6.120498372476699256e-01 1.211245736631856676e-05
6.148777653810023613e-01 1.185592188753360762e-05
6.177187597338491543e-01 1.205164699941537127e-05
6.205728806776501516e-01 1.177601580823155356e-05
6.234401888627861821e-01 1.197377461975878902e-05
6.263207452198689129e-01 1.170077538464538269e-05
6.292146109610343707e-01 1.188603306220722753e-05
6.321218475812451221e-01 1.162518472377516035e-05
6.350425168595963399e-01 1.179647152197986463e-05
6.379766808606280870e-01 1.154592963588599381e-05
6.409244019356453714e-01 1.171164479917104243e-05
6.438857427240419762e-01 1.146251233243575462e-05
6.468607661546326160e-01 1.163382053248500243e-05
6.498495354469889795e-01 1.137643883150336624e-05
6.528521141127845429e-01 1.156181650989758859e-05
6.558685659571431570e-01 1.129314162752794785e-05
6.588989550799949635e-01 1.149272521565303083e-05
6.619433458774393042e-01 1.121997778509045246e-05
6.650018030431119609e-01 1.142284020852079173e-05
6.680743915695612767e-01 1.116098126185665953e-05
6.711611767496283854e-01 1.134476054168798568e-05
6.742622241778342129e-01 1.111789050490700898e-05
6.773775997517750280e-01 1.128407559344880207e-05
6.805073696735207678e-01 1.106708067113197977e-05
6.836516004510236888e-01 1.122404609565717607e-05
6.868103588995303488e-01 1.103392567695724708e-05
6.899837121430018039e-01 1.115265134686378840e-05
6.931717276155405782e-01 1.101554441895974488e-05
6.963744730628224078e-01 1.102646920106854592e-05
6.995920165435373095e-01 1.099780573849573305e-05
7.028244264308348699e-01 1.088001111305388822e-05
7.060717714137773049e-01 1.092898844934047232e-05
7.093341204987995141e-01 1.074602227193644671e-05
7.126115430111746862e-01 1.086254569485605949e-05
7.159041085964886753e-01 1.063133742592380451e-05
7.192118872221189285e-01 1.079044299424939017e-05
7.225349491787214085e-01 1.060365726662981092e-05
7.258733650817251748e-01 1.069460733201813495e-05
7.292272058728315187e-01 1.063897336463420285e-05
7.325965428215229780e-01 1.061921714561945272e-05
7.359814475265766820e-01 1.068292241492950518e-05
7.393819919175865785e-01 1.048222355608189929e-05
7.427982482564916555e-01 1.061180553610756170e-05
7.462302891391109361e-01 1.039867428958603444e-05
7.496781874966876869e-01 1.046463161397814682e-05
7.531420165974371805e-01 1.034367425611732461e-05
7.566218500481054487e-01 1.028992328111605665e-05
7.601177617955328092e-01 1.039787847693417852e-05
7.636298261282243871e-01 1.024287341352335606e-05
7.671581176779301847e-01 1.038932639371072260e-05
7.707027114212299246e-01 1.025832244283915849e-05
7.742636826811269968e-01 1.022555241494506721e-05
7.778411071286488454e-01 1.022664838629131456e-05
7.814350607844543495e-01 1.003563353304612061e-05
7.850456200204509738e-01 1.014775542589119644e-05
7.886728615614151394e-01 1.002770308696647572e-05
7.923168624866253618e-01 1.004830373999560095e-05
7.959777002314983863e-01 1.013758057593937276e-05
7.996554525892348719e-01 9.961493887035469290e-06
8.033501977124734017e-01 1.002199645652824171e-05
8.070620141149503768e-01 9.909665340128841565e-06
8.107909806731686819e-01 9.792350591207451565e-06
8.145371766280743442e-01 9.914476476062258098e-06
8.183006815867391870e-01 9.810368776184618818e-06
8.220815755240540312e-01 9.851879860055323812e-06
8.258799387844267814e-01 9.881694995020623909e-06
8.296958520834906148e-01 9.680192740426519637e-06
8.335293965098193869e-01 9.691939331227813706e-06
8.373806535266491435e-01 9.699782083348938808e-06
8.412497049736118448e-01 9.610801085426151565e-06
8.451366330684717543e-01 9.726828076724974205e-06
8.490415204088747059e-01 9.657198706193606972e-06
8.529644499741022567e-01 9.491735831648601254e-06
8.569055051268349432e-01 9.545115898835651537e-06
8.608647696149244188e-01 9.507686325035908997e-06
8.648423275731722537e-01 9.466577220925857916e-06
8.688382635251186148e-01 9.559302066457470403e-06
8.728526623848377186e-01 9.437438660288690538e-06
8.768856094587428318e-01 9.282760469333962164e-06
8.809371904473990433e-01 9.383925053397026566e-06
8.850074914473433640e-01 9.410922678442233645e-06
8.890965989529160396e-01 9.299321287490856317e-06
8.932045998580966373e-01 9.294082264169878089e-06
8.973315814583522343e-01 9.249424974074845604e-06
9.014776314524917122e-01 9.171957553086482163e-06
9.056428379445289334e-01 9.240977800028650103e-06
9.098272894455560200e-01 9.254364675126942012e-06
9.140310748756229620e-01 9.082874424571754304e-06
9.182542835656284375e-01 9.042265539579925608e-06
9.224970052592174063e-01 9.165208991561362659e-06
9.267593301146878071e-01 9.121555685401597926e-06
9.310413487069078009e-01 8.962624395713279712e-06
9.353431520292384560e-01 8.970409496213495765e-06
9.396648314954693104e-01 9.044695169905250936e-06
9.440064789417603741e-01 8.974637462496440251e-06
9.483681866285922357e-01 8.875779315846087059e-06
9.527500472427292699e-01 8.890799781800597348e-06
9.571521538991862865e-01 8.911045550597171947e-06
9.615746001432098344e-01 8.847608504128043574e-06
9.660174799522646127e-01 8.791705235270463200e-06
9.704808877380302068e-01 8.794552611138287216e-06
9.749649183484089265e-01 8.784847945172747190e-06
9.794696670695393070e-01 8.735741991305003462e-06
9.839952296278231536e-01 8.700306902640506194e-06
9.885417021919573610e-01 8.690703322127618695e-06
9.931091813749796104e-01 8.668710190528798877e-06
9.976977642363203946e-01 8.630442579658081039e-06
1.002307548283865479e+00 8.602868552572728628e-06
1.006938631476027579e+00 8.585540847512719047e-06
1.011591112223829692e+00 8.559612034968170936e-06
1.016265089392994758e+00 8.527622264107269706e-06
1.020960662306046540e+00 8.502654972353306399e-06
1.025677930744421928e+00 8.481354300613553869e-06
1.030416994950587917e+00 8.454635427187210577e-06
1.035177955630176339e+00 8.426037950134309044e-06
1.039960913954119714e+00 8.401837027260204631e-06
1.044765971560804196e+00 8.378658597785145734e-06
1.049593230558227619e+00 8.352169956438527715e-06
1.054442793526168876e+00 8.325450713910823416e-06
1.059314763518369951e+00 8.301450510826710399e-06
1.064209244064724169e+00 8.277447992130944693e-06
1.069126339173475992e+00 8.251465282225267309e-06
1.074066153333433471e+00 8.225865862093153643e-06
1.079028791516184249e+00 8.201925117436220842e-06
1.084014359178330889e+00 8.177618979990216861e-06
1.089022962263729966e+00 8.152179589965710763e-06
1.094054707205742494e+00 8.127309804540676038e-06
1.099109700929497224e+00 8.103421086896822219e-06
1.104188050854160830e+00 8.079082966132739921e-06
1.109289864895222744e+00 8.054145553981769700e-06
1.114415251466787549e+00 8.029787346964820734e-06
1.119564319483878245e+00 8.005985288039279543e-06
1.124737178364751955e+00 7.981761650177996326e-06
1.129933938033222285e+00 7.957268657160598447e-06
1.135154708920999012e+00 7.933296344328440625e-06
1.140399601970032428e+00 7.909616879385504570e-06
1.145668728634871458e+00 7.885585547236160963e-06
1.150962200885032205e+00 7.861485328693176361e-06
1.156280131207376050e+00 7.837823994009451357e-06
1.161622632608501959e+00 7.814294551130736267e-06
1.166989818617146790e+00 7.790495451831401703e-06
1.172381803286598467e+00 7.766745810907360806e-06
1.177798701197119158e+00 7.743348962696934887e-06
1.183240627458378658e+00 7.719988192044001810e-06
1.188707697711903322e+00 7.696439988557702075e-06
1.194200028133531877e+00 7.673007117750522372e-06
1.199717735435884336e+00 7.649844634272847871e-06
1.205260936870842681e+00 7.626665336857853590e-06
1.210829750232039981e+00 7.603373487299005998e-06
1.216424293857367944e+00 7.580228507599219945e-06
1.222044686631488020e+00 7.557281700695101228e-06
1.227691047988359152e+00 7.534293649902712821e-06
1.233363497913775975e+00 7.511254698268893334e-06
1.239062156947916327e+00 7.488372550787942987e-06
1.244787146187906091e+00 7.465630024322964984e-06
1.250538587290390691e+00 7.442839790689732835e-06
1.256316602474120803e+00 7.420046135106983930e-06
1.262121314522547388e+00 7.397405822872513229e-06
1.267952846786434495e+00 7.374859951317129550e-06
1.273811323186478495e+00 7.352271273779251866e-06
1.279696868215940864e+00 7.329713779560971713e-06
1.285609606943295846e+00 7.307298019162445693e-06
1.291549665014884107e+00 7.284943219866871823e-06
1.297517168657587483e+00 7.262557654598332696e-06
1.303512244681508836e+00 7.240226953113455392e-06
1.309535020482667012e+00 7.218021671952229903e-06
1.315585624045704449e+00 7.195853659601482896e-06
1.321664183946605231e+00 7.173671102613339119e-06
1.327770829355429782e+00 7.151558173408646869e-06
1.333905690039058678e+00 7.129552049526910729e-06
1.340068896363949991e+00 7.107568072290642996e-06
1.346260579298910409e+00 7.085586606883300660e-06
1.352480870417875458e+00 7.063682405763996019e-06
1.358729901902709924e+00 7.041867028965180183e-06
1.365007806546013835e+00 7.020065469373299195e-06
1.371314717753944867e+00 6.998281949752491403e-06
1.377650769549054299e+00 6.976577496934653360e-06
1.384016096573131627e+00 6.954946830494335145e-06
1.390410834090070491e+00 6.933327047573793388e-06
1.396835117988739716e+00 6.911738122443685433e-06
1.403289084785872332e+00 6.890220949729348077e-06
1.409772871628967028e+00 6.868774392895417647e-06
1.416286616299198720e+00 6.847327076467718920e-06
1.422830457214352640e+00 6.825931947465979188e-06
1.429404533431761104e+00 6.804611557550538732e-06
1.436008984651259812e+00 6.783331942147129581e-06
1.442643951218158138e+00 6.762067637728944952e-06
1.449309574126216527e+00 6.740855190695218802e-06
1.456005995020649202e+00 6.719712792562791600e-06
1.462733356201129986e+00 6.698605464019337799e-06
1.469491800624816547e+00 6.677518421117844972e-06
1.476281471909390186e+00 6.656487234875255862e-06
1.483102514336104516e+00 6.635518752085163745e-06
1.489955072852854556e+00 6.614580157745743128e-06
1.496839293077255606e+00 6.593667690468377429e-06
1.503755321299737657e+00 6.572813122357263192e-06
1.510703304486654908e+00 6.552013870223467442e-06
1.517683390283405265e+00 6.531241179603604803e-06
1.524695727017573832e+00 6.510500158729449219e-06
1.531740463702079724e+00 6.489817208030850480e-06
1.538817750038345533e+00 6.469182667126017065e-06
1.545927736419477672e+00 6.448573100443906900e-06
1.553070573933460041e+00 6.427999947172508458e-06
1.560246414366368795e+00 6.407483433674129381e-06
1.567455410205595090e+00 6.387009215175540882e-06
1.574697714643085833e+00 6.366559870734952349e-06
1.581973481578600627e+00 6.346150663858263521e-06
1.589282865622978047e+00 6.325795352736409319e-06
1.596626022101425901e+00 6.305477185799018625e-06
1.604003107056819921e+00 6.285185024665797830e-06
1.611414277253019112e+00 6.264935603805745616e-06
1.618859690178198418e+00 6.244736409005502270e-06
1.626339504048192275e+00 6.224570314191761667e-06
1.633853877809861244e+00 6.204432144466328880e-06
1.641402971144466427e+00 6.184338213266999017e-06
1.648986944471064975e+00 6.164290480386778734e-06
1.656605958949914470e+00 6.144272937303096513e-06
1.664260176485903520e+00 6.124285549617361608e-06
1.671949759731989227e+00 6.104342960804980438e-06
1.679674872092653093e+00 6.084442624500666103e-06
1.687435677727375793e+00 6.064570670873892405e-06
1.695232341554120614e+00 6.044731126255722164e-06
1.703065029252844420e+00 6.024936174985249078e-06
1.710933907269014398e+00 6.005179915123974071e-06
1.718839142817145671e+00 5.985451280213089769e-06
1.726780903884356011e+00 5.965757170240507359e-06
1.734759359233931653e+00 5.946106842381217088e-06
1.742774678408919087e+00 5.926492224130522364e-06
1.750827031735724182e+00 5.906905449276742505e-06
1.758916590327732621e+00 5.887355088163038047e-06
1.767043526088946548e+00 5.867847233283283061e-06
1.775208011717635204e+00 5.848372812468553044e-06
1.783410220710007987e+00 5.828927286429691647e-06
1.791650327363900397e+00 5.809519751393832410e-06
1.799928506782476401e+00 5.790153198513983732e-06
1.808244934877951682e+00 5.770818574013016902e-06
1.816599788375327762e+00 5.751514424743414272e-06
1.824993244816152327e+00 5.732249495755665636e-06
1.833425482562289766e+00 5.713024010527641216e-06
1.841896680799710806e+00 5.693829663429885467e-06
1.850407019542302134e+00 5.674667617563706159e-06
1.858956679635687337e+00 5.655545641581903342e-06
1.867545842761076047e+00 5.636461678753646990e-06
1.876174691439120412e+00 5.617408672361687204e-06
1.884843409033795325e+00 5.598389797670892225e-06
1.893552179756295306e+00 5.579411412136149320e-06
1.902301188668944709e+00 5.560469746599504197e-06
1.911090621689137903e+00 5.541559322072981260e-06
1.919920665593283893e+00 5.522684651613610137e-06
1.928791508020777812e+00 5.503850394156756351e-06
1.937703337477988841e+00 5.485051666027957182e-06
1.946656343342262341e+00 5.466284764509255556e-06
1.955650715865949074e+00 5.447554839481194676e-06
1.964686646180445528e+00 5.428864699058622913e-06
1.973764326300255334e+00 5.410208955419411618e-06
1.982883949127071332e+00 5.391585684160009951e-06
1.992045708453870301e+00 5.373000048905130321e-06
2.001249798969037208e+00 5.354453044984430655e-06
2.010496416260497909e+00 5.335939286433147680e-06
2.019785756819878486e+00 5.317458442513976347e-06
2.029118018046677907e+00 5.299015230418258074e-06
2.038493398252463340e+00 5.280609011377772956e-06
2.047912096665085446e+00 5.262234784624752194e-06
2.057374313432912771e+00 5.243893517487008350e-06
2.066880249629082122e+00 5.225589159559625936e-06
2.076430107255774704e+00 5.207319706722923361e-06
2.086024089248503799e+00 5.189080838300685001e-06
2.095662399480433091e+00 5.170874457078297079e-06
2.105345242766705205e+00 5.152703538390358250e-06
2.115072824868794665e+00 5.134565036524299575e-06
2.124845352498883067e+00 5.116455541403256751e-06
2.134663033324244452e+00 5.098377495533934381e-06
2.144526075971667556e+00 5.080332782881896821e-06
2.154434690031883370e+00 5.062317683442765816e-06
2.164389086064020251e+00 5.044329846580089015e-06
2.174389475600079891e+00 5.026371875553793954e-06
2.184436071149427505e+00 5.008444523757074683e-06
2.194529086203313550e+00 4.990543800798205282e-06
2.204668735239408761e+00 4.972668408099891032e-06
2.214855233726359174e+00 4.954820831478124950e-06
2.225088798128369572e+00 4.937000755890470282e-06
2.235369645909795366e+00 4.919204266900112551e-06
2.245697995539774006e+00 4.901431012852860152e-06
2.256074066496860375e+00 4.883683173830204291e-06
2.266498079273694177e+00 4.865959505990750340e-06
2.276970255381680186e+00 4.848256455770099416e-06
2.287490817355703143e+00 4.830574451617346129e-06
2.298059988758851091e+00 4.812915246821999465e-06
2.308677994187168458e+00 4.795276863382139859e-06
2.319345059274428689e+00 4.777656338812479745e-06
2.330061410696924629e+00 4.760054678514479858e-06
2.340827276178293115e+00 4.742473135846247296e-06
2.351642884494348440e+00 4.724909233449763694e-06
2.362508465477946462e+00 4.707360777579294667e-06
2.373424250023867366e+00 4.689829135925719655e-06
2.384390470093720626e+00 4.672315013932985901e-06
2.395407358720877955e+00 4.654815722386204626e-06
2.406475150015424003e+00 4.637329909815975235e-06
2.417594079169129717e+00 4.619859133472043311e-06
2.428764382460451898e+00 4.602403542614158718e-06
2.439986297259550074e+00 4.584960525540538305e-06
2.451260062033338460e+00 4.567529550058952368e-06
2.462585916350546800e+00 4.550112239365016031e-06
2.473964100886812734e+00 4.532708243124591949e-06
2.485394857429799931e+00 4.515315259845180668e-06
2.496878428884326873e+00 4.497933503157271828e-06
2.508415059277540049e+00 4.480564566292095428e-06
2.520004993764092038e+00 4.463207706133140554e-06
2.531648478631354227e+00 4.445861106478927903e-06
2.543345761304649510e+00 4.428525618659393554e-06
2.555097090352507205e+00 4.411202721962601518e-06
2.566902715491950371e+00 4.393891421524205490e-06
2.578762887593800901e+00 4.376590502997687297e-06
2.590677858688007706e+00 4.359301321651771471e-06
2.602647881969005983e+00 4.342025158396226014e-06
2.614673211801092023e+00 4.324760927696110215e-06
2.626754103723837108e+00 4.307508070332377949e-06
2.638890814457510281e+00 4.290268290950372012e-06
2.651083601908537535e+00 4.273042594109392326e-06
2.663332725174982318e+00 4.255829963127527094e-06
2.675638444552045137e+00 4.238630467199076504e-06
2.688001021537606228e+00 4.221446000849901782e-06
2.700420718837772682e+00 4.204277254797815670e-06
2.712897800372465973e+00 4.187123383952531660e-06
2.725432531281029025e+00 4.169985008294140373e-06
2.738025177927857712e+00 4.152864053531749096e-06
2.750676007908066101e+00 4.135760895433403454e-06
2.763385290053169907e+00 4.118674912659613036e-06
2.776153294436799701e+00 4.101607165798852322e-06
2.788980292380441206e+00 4.084559464732850527e-06
2.801866556459195134e+00 4.067531898178394354e-06
2.814812360507579658e+00 4.050524094379967079e-06
2.827817979625341316e+00 4.033537426130971231e-06
2.840883690183302779e+00 4.016573468945489205e-06
2.854009769829239040e+00 3.999632078615259642e-06
2.867196497493769591e+00 3.982713156925620532e-06
2.880444153396296336e+00 3.965818256345979447e-06
2.893753019050950392e+00 3.948948642969101040e-06
2.907123377272576636e+00 3.932104023440618804e-06
2.920555512182746671e+00 3.915284598853643034e-06
2.934049709215786894e+00 3.898491983715660107e-06
2.947606255124857189e+00 3.881727119654611039e-06
2.961225437988034503e+00 3.864989667265502634e-06
2.974907547214440395e+00 3.848280137649898218e-06
2.988652873550384115e+00 3.831600132196257462e-06
3.002461709085549213e+00 3.814950300719742134e-06
3.016334347259195692e+00 3.798330363445497236e-06
3.030271082866396348e+00 3.781741135090593107e-06
3.044272212064302874e+00 3.765184159010445394e-06
3.058338032378433269e+00 3.748659851594692032e-06
3.072468842709003667e+00 3.732168083674662141e-06
3.086664943337273037e+00 3.715709941928528332e-06
3.100926635931926523e+00 3.699286870572432815e-06
3.115254223555488089e+00 3.682899114816097920e-06
3.129648010670751823e+00 3.666546751462071970e-06
3.144108303147264749e+00 3.650231071364176267e-06
3.158635408267817191e+00 3.633953361599831856e-06
3.173229634734976212e+00 3.617713742221013536e-06
3.187891292677645705e+00 3.601512506152710298e-06
3.202620693657651785e+00 3.585351036116333047e-06
3.217418150676371713e+00 3.569230389733590328e-06
3.232283978181379247e+00 3.553150581227642129e-06
3.247218492073128626e+00 3.537112080921770656e-06
3.262222009711670090e+00 3.521116224846600995e-06
3.277294849923383602e+00 3.505163778268678449e-06
3.292437333007768974e+00 3.489254641582800901e-06
3.307649780744240875e+00 3.473389394251320103e-06
3.322932516398971803e+00 3.457569199642132200e-06
3.338285864731760810e+00 3.441794491099845964e-06
3.353710152002930656e+00 3.426065055202100455e-06
3.369205705980267140e+00 3.410381509339972493e-06
3.384772855945981096e+00 3.394744769262603465e-06
3.400411932703705897e+00 3.379154934423945051e-06
3.416123268585528283e+00 3.363611722966101885e-06
3.431907197459044490e+00 3.348115737593853940e-06
3.447764054734464345e+00 3.332667644641083054e-06
3.463694177371732685e+00 3.317267255125824521e-06
3.479697903887691623e+00 3.301914318777801290e-06
3.495775574363275240e+00 3.286609402155531787e-06
3.511927530450729584e+00 3.271352977596166909e-06
3.528154115380882860e+00 3.256144667347728599e-06
3.544455673970433818e+00 3.240984361455734952e-06
3.560832552629277892e+00 3.225872613490481597e-06
3.577285099367873311e+00 3.210809759127719614e-06
3.593813663804627634e+00 3.195795373496360474e-06
3.610418597173337130e+00 3.180829546706754050e-06
3.627100252330646590e+00 3.165912858916166396e-06
3.643858983763544224e+00 3.151045547246990290e-06
3.660695147596902288e+00 3.136227249465964887e-06
3.677609101601032382e+00 3.121458258873537119e-06
3.694601205199302463e+00 3.106739181109459505e-06
3.711671819475764966e+00 3.092070157492337120e-06
3.728821307182833777e+00 3.077450928046603802e-06
3.746050032748993175e+00 3.062881929487963317e-06
3.763358362286534753e+00 3.048363733496145687e-06
3.780746663599349411e+00 3.033896347808728277e-06
3.798215306190734442e+00 3.019479591191986617e-06
3.815764661271248581e+00 3.005113930470847996e-06
3.833395101766601254e+00 2.990799813064661519e-06
3.851107002325570683e+00 2.976537048705796062e-06
3.868900739327975735e+00 2.962325491543639119e-06
3.886776690892665531e+00 2.948165505695314220e-06
3.904735236885560123e+00 2.934057334107790468e-06
3.922776758927719598e+00 2.920000549579236044e-06
3.940901640403449591e+00 2.905994999962388213e-06
3.959110266468458761e+00 2.892040866436709243e-06
3.977403024058034475e+00 2.878138147188308147e-06
3.995780301895269560e+00 2.864286208275910173e-06
4.014242490499322358e+00 2.850484881338178926e-06
4.032789982193706990e+00 2.836734171187437652e-06
4.051423171114647559e+00 2.823033854639729785e-06
4.070142453219436796e+00 2.809383200216902468e-06
4.088948226294862209e+00 2.795782056403007799e-06
4.107840889965646447e+00 2.782230342236030782e-06
4.126820845702954266e+00 2.768727690699617585e-06
4.145888496832911052e+00 2.755273437042250641e-06
4.165044248545182626e+00 2.741867507300084222e-06
4.184288507901582577e+00 2.728509859584903021e-06
4.203621683844713353e+00 2.715200086162472310e-06
4.223044187206673961e+00 2.701937741813075738e-06
4.242556430717777438e+00 2.688722883408489984e-06
4.262158829015322503e+00 2.675555588194381033e-06
4.281851798652413166e+00 2.662435493574279464e-06
4.301635758106795215e+00 2.649362429051259865e-06
4.321511127789764650e+00 2.636336589457363191e-06
4.341478330055092094e+00 2.623358132871388857e-06
4.361537789208003169e+00 2.610426763544600912e-06
4.381689931514192615e+00 2.597542503762487867e-06
4.401935185208874834e+00 2.584705595866480477e-06
4.422273980505899260e+00 2.571916147951016952e-06
4.442706749606882610e+00 2.559173834547560369e-06
4.463233926710395316e+00 2.546478707920639731e-06
4.483855948021188809e+00 2.533830882045574815e-06
4.504573251759458330e+00 2.521230252372847114e-06
4.525386278170168808e+00 2.508676330826703432e-06
4.546295469532399380e+00 2.496169033637093003e-06
4.567301270168744765e+00 2.483708217888315309e-06
4.588404126454759258e+00 2.471293463356408658e-06
4.609604486828433600e+00 2.458924104266929790e-06
4.630902801799739343e+00 2.446599857574592226e-06
4.652299523960189198e+00 2.434320379455278146e-06
4.673795107992461340e+00 2.422084989153191136e-06
4.695390010680060122e+00 2.409893027258990287e-06
4.717084690917017653e+00 2.397744130909408588e-06
4.738879609717653096e+00 2.385637976902566740e-06
4.760775230226368393e+00 2.373573877790943722e-06
4.782772017727483060e+00 2.361551430034899206e-06
4.804870439655131165e+00 2.349570460819572896e-06
4.827070965603183161e+00 2.337630864701494488e-06
4.849374067335235239e+00 2.325732234960865135e-06
4.871780218794630635e+00 2.313874551725470270e-06
4.894289896114528915e+00 2.302057977731679212e-06
4.916903577628028543e+00 2.290282641930676964e-06
4.939621743878320537e+00 2.278548440559966954e-06
4.962444877628915840e+00 2.266855618249041236e-06
4.985373463873894018e+00 2.255204489902213441e-06
5.008407989848209674e+00 2.243595189021824457e-06
5.031548945038053944e+00 2.232027624160786990e-06
5.054796821191240852e+00 2.220501972786936083e-06
5.078152112327673606e+00 2.209018329787089104e-06
5.101615314749833985e+00 2.197576500589181955e-06
5.125186927053330344e+00 2.186176110312945510e-06
5.148867450137495361e+00 2.174816972454589523e-06
5.172657387216019309e+00 2.163498796359631122e-06
5.196557243827659711e+00 2.152220932554416552e-06
5.220567527846974976e+00 2.140982777109135550e-06
5.244688749495116653e+00 2.129783837692856909e-06
5.268921421350674095e+00 2.118623661152224626e-06
5.293266058360561743e+00 2.107501460166651133e-06
5.317723177850969485e+00 2.096416760750142305e-06
5.342293299538352080e+00 2.085369211762715676e-06
5.366976945540476329e+00 2.074358586034319558e-06
5.391774640387502870e+00 2.063384458752695251e-06
5.416686911033152363e+00 2.052446807571953171e-06
5.441714286865890315e+00 2.041545768330493477e-06
5.466857299720180308e+00 2.030681500159767472e-06
5.492116483887789613e+00 2.019854061627369390e-06
5.517492376129125908e+00 2.009063813063324481e-06
5.542985515684669018e+00 1.998311178283645172e-06
5.568596444286411540e+00 1.987596421339040049e-06
5.594325706169377632e+00 1.976919663661709277e-06
5.620173848083187984e+00 1.966281188202320672e-06
5.646141419303670084e+00 1.955681165415795706e-06
5.672228971644543094e+00 1.945119473581652480e-06
5.698437059469139143e+00 1.934595852496718186e-06
5.724766239702178794e+00 1.924110094184238890e-06
5.751217071841614015e+00 1.913661888413557713e-06
5.777790117970504014e+00 1.903250577568080885e-06
5.804485942768978113e+00 1.892875600469423244e-06
5.831305113526221717e+00 1.882536416140646794e-06
5.858248200152536000e+00 1.872232570131363622e-06
5.885315775191449994e+00 1.861963354856534932e-06
5.912508413831877974e+00 1.851728410090800160e-06
5.939826693920356782e+00 1.841527487135708167e-06
5.967271195973313347e+00 1.831360492724641127e-06
5.994842503189408589e+00 1.821227259464189639e-06
6.022541201461927507e+00 1.811127978218627637e-06
6.050367879391221670e+00 1.801062995989090663e-06
6.078323128297229871e+00 1.791032658925199025e-06
6.106407542232039631e+00 1.781037268954200252e-06
6.134621717992506440e+00 1.771077316206507432e-06
6.162966255132942273e+00 1.761153277933229131e-06
6.191441755977844075e+00 1.751265428402818187e-06
6.220048825634711953e+00 1.741413871449181136e-06
6.248788072006891348e+00 1.731598744654558015e-06
6.277660105806499580e+00 1.721820010567320995e-06
6.306665540567405692e+00 1.712077316937229006e-06
6.335804992658251145e+00 1.702370215764489853e-06
6.365079081295570873e+00 1.692698223586256830e-06
6.394488428556940107e+00 1.683060839110169933e-06
6.424033659394190465e+00 1.673457285345015898e-06
6.453715401646701544e+00 1.663887017557784203e-06
6.483534286054723594e+00 1.654349555042458017e-06
6.513490946272802340e+00 1.644844624370469125e-06
6.543586018883232214e+00 1.635371890109582915e-06
6.573820143409585093e+00 1.625931400657566233e-06
6.604193962330305645e+00 1.616523411644670011e-06
6.634708121092347533e+00 1.607148297260258289e-06
6.665363268124913532e+00 1.597806462263785028e-06
6.696160054853218746e+00 1.588498505676045046e-06
6.727099135712336420e+00 1.579225084647234175e-06
6.758181168161110364e+00 1.569986692778901438e-06
6.789406812696109128e+00 1.560783636963428706e-06
6.820776732865684977e+00 1.551616199765649488e-06
6.852291595284061287e+00 1.542484430695802740e-06
6.883952069645496330e+00 1.533388082180897623e-06
6.915758828738525210e+00 1.524326670448602978e-06
6.947712548460236448e+00 1.515299667100245799e-06
6.979813907830660469e+00 1.506306464158363640e-06
7.012063589007180298e+00 1.497346249656467683e-06
7.044462277299037289e+00 1.488418394542410287e-06
7.077010661181889262e+00 1.479522398774622979e-06
7.109709432312435240e+00 1.470658031122565528e-06
7.142559285543126357e+00 1.461825100500538789e-06
7.175560918936924715e+00 1.453023794391498227e-06
7.208715033782135073e+00 1.444254563879646800e-06
7.242022334607315592e+00 1.435517983838025991e-06
7.275483529196228538e+00 1.426814656146986108e-06
7.309099328602910894e+00 1.418145260121540004e-06
7.342870447166761849e+00 1.409510454656446966e-06
7.376797602527734199e+00 1.400910669516156739e-06
7.410881515641570161e+00 1.392346021663341322e-06
7.445122910795139326e+00 1.383816535503279386e-06
7.479522515621821022e+00 1.375321930303864940e-06
7.514081061116965721e+00 1.366861724366587024e-06
7.548799281653435500e+00 1.358435187645247720e-06
7.583677914997190683e+00 1.350041699813284143e-06
7.618717702322995500e+00 1.341680656943464821e-06
7.653919388230147725e+00 1.333351495671397206e-06
7.689283720758309570e+00 1.325053891441842405e-06
7.724811451403404305e+00 1.316787807567078566e-06
7.760503335133570602e+00 1.308553475889508216e-06
7.796360130405233235e+00 1.300351226166516269e-06
7.832382599179195992e+00 1.292181587986093636e-06
7.868571506936847371e+00 1.284045229642725812e-06
7.904927622696424017e+00 1.275942748193594666e-06
7.941451719029339884e+00 1.267874548672699555e-06
7.978144572076624641e+00 1.259840933292211471e-06
8.015006961565404708e+00 1.251841976793697016e-06
8.052039670825474005e+00 1.243877561806198215e-06
8.089243486805942851e+00 1.235947197845542271e-06
8.126619200091946382e+00 1.228050466357878658e-06
8.164167604921468424e+00 1.220186783057800469e-06
8.201889499202202671e+00 1.212355663724975952e-06
8.239785684528515119e+00 1.204556599054711849e-06
8.277856966198475774e+00 1.196789409285996372e-06
8.316104153230961415e+00 1.189054093205091870e-06
8.354528058382866718e+00 1.181350805248836663e-06
8.393129498166365110e+00 1.173679861263294035e-06
8.431909292866254901e+00 1.166041756841205144e-06
8.470868266557406656e+00 1.158437012121294274e-06
8.510007247122246099e+00 1.150866016928582985e-06
8.549327066268380904e+00 1.143329054491929489e-06
8.588828559546250574e+00 1.135826267759042409e-06
8.628512566366891789e+00 1.128357623742231659e-06
8.668379930019778357e+00 1.120922762584444391e-06
8.708431497690723333e+00 1.113521328756245290e-06
8.748668120479909049e+00 1.106152822578482060e-06
8.789090653419954435e+00 1.098816864820589156e-06
8.829699955494087149e+00 1.091512983276460151e-06
8.870496889654408079e+00 1.084241029043834590e-06
8.911482322840202031e+00 1.077000984396977229e-06
8.952657125996395848e+00 1.069793030424799761e-06
8.994022174092044963e+00 1.062617421152249709e-06
9.035578346138924744e+00 1.055474573973603048e-06
9.077326525210228425e+00 1.048364914534890702e-06
9.119267598459298796e+00 1.041288763461976734e-06
9.161402457138516198e+00 1.034246264938447165e-06
9.203731996618220279e+00 1.027237489365639165e-06
9.246257116405738330e+00 1.020262311506576495e-06
9.288978720164502434e+00 1.013320425853228970e-06
9.331897715733239451e+00 1.006411443821544155e-06
9.375015015145285346e+00 9.995349801655567884e-07
9.418331534647951031e+00 9.926907325607386555e-07
9.461848194721996563e+00 9.858783725865919764e-07
9.505565920101195942e+00 9.790977913777809361e-07
9.549485639791965852e+00 9.723489991530295947e-07
9.593608287093141840e+00 9.656321680219948264e-07
9.637934799615786474e+00 9.589474729047053913e-07
9.682466119303123619e+00 9.522952151198819271e-07
9.727203192450541991e+00 9.456757060211501706e-07
9.772146969725724830e+00 9.390892218870744249e-07
9.817298406188836424e+00 9.325358758942435758e-07
9.862658461312820535e+00 9.260157685790944336e-07
9.908228099003798306e+00 9.195288090422906047e-07
9.954008287621523010e+00 9.130748121435193517e-07
1.000000000000000000e+01 9.066533431797502241e-07
