1.000000000000000056e-01 6.569832151458976062e-04
1.004620421346812675e-01 6.586164855022608958e-04
1.009262190987047642e-01 6.570709024460330994e-04
1.013925407558815134e-01 6.522297786391175302e-04
1.018610170155975769e-01 6.447632576783300824e-04
1.023316578330244891e-01 6.360270009824558167e-04
1.028044732093309210e-01 6.275877375232170657e-04
1.032794731918951769e-01 6.210597491650464907e-04
1.037566678745185655e-01 6.175134756321344620e-04
1.042360673976401725e-01 6.173722643589992475e-04
1.047176819485520216e-01 6.202078263276261227e-04
1.052015217616158460e-01 6.247710298795325357e-04
1.056875971184804280e-01 6.294439356453892208e-04
1.061759183482999802e-01 6.325101745065266068e-04
1.066664958279539277e-01 6.327407118250883648e-04
1.071593399822671072e-01 6.295440945068048362e-04
1.076544612842315340e-01 6.232284637412508887e-04
1.081518702552288352e-01 6.150243549996259806e-04
1.086515774652538069e-01 6.065987423528515759e-04
1.091535935331391649e-01 5.997246891497222529e-04
1.096579291267809897e-01 5.957364659132872563e-04
1.101645949633656418e-01 5.952219551470212073e-04
1.106736018095973717e-01 5.978368417708993226e-04
1.111849604819270670e-01 6.022850039582936920e-04
1.116986818467823189e-01 6.068020023218973760e-04
1.122147768207980290e-01 6.095917352660016600e-04
1.127332563710486818e-01 6.092916872151615988e-04
1.132541315152811728e-01 6.054854253794108481e-04
1.137774133221491069e-01 5.987534896321433609e-04
1.143031129114479155e-01 5.905456924387033181e-04
1.148312414543511129e-01 5.827323134621240725e-04
1.153618101736478274e-01 5.771384474948635821e-04
1.158948303439810978e-01 5.749436703225824490e-04
1.164303132920876532e-01 5.762523220207959587e-04
1.169682703970385262e-01 5.800855752974570659e-04
1.175087130904807486e-01 5.846709104271898255e-04
1.180516528568805179e-01 5.880480630612813266e-04
1.185971012337669744e-01 5.885797164544545644e-04
1.191450698119776025e-01 5.855176854257106807e-04
1.196955702359043389e-01 5.792387836341668199e-04
1.202486142037412220e-01 5.713276318079856496e-04
1.208042134677328600e-01 5.636947260018045731e-04
1.213623798344240778e-01 5.583715017470864761e-04
1.219231251649110781e-01 5.565331073075607381e-04
1.224864613750931419e-01 5.581888385451400526e-04
1.230524004359261625e-01 5.622236090181924719e-04
1.236209543736768862e-01 5.666149199609338272e-04
1.241921352701783610e-01 5.692817624624914048e-04
1.247659552630869806e-01 5.686806862498781142e-04
1.253424265461400011e-01 5.644115936813831483e-04
1.259215613694150970e-01 5.573552004431826063e-04
1.265033720395903616e-01 5.495867480067182171e-04
1.270878709202058476e-01 5.431192077939911086e-04
1.276750704319265795e-01 5.398523090627189470e-04
1.282649830528060642e-01 5.403200206744206754e-04
1.288576213185518016e-01 5.437223991906773224e-04
1.294529978227915712e-01 5.481219162244345845e-04
1.300511252173408849e-01 5.512776568010770411e-04
1.306520162124721329e-01 5.513264882781636561e-04
1.312556835771843400e-01 5.476208944108317120e-04
1.318621401394748371e-01 5.409183197575250781e-04
1.324713987866117104e-01 5.333360395027555902e-04
1.330834724654074985e-01 5.270622626935782783e-04
1.336983741824946670e-01 5.240983577960361484e-04
1.343161170046016095e-01 5.249571867872717887e-04
1.349367140588306480e-01 5.286165812044748289e-04
1.355601785329368647e-01 5.328489634057112642e-04
1.361865236756081843e-01 5.353348511085088057e-04
1.368157627967472034e-01 5.342980933614878110e-04
1.374479092677537428e-01 5.295289129979320608e-04
1.380829765218092309e-01 5.223895169252833421e-04
1.387209780541620585e-01 5.152533202238998274e-04
1.393619274224142390e-01 5.105708294014783908e-04
1.400058382468097606e-01 5.096491774767865617e-04
1.406527242105237163e-01 5.122285730523395107e-04
1.413025990599533765e-01 5.164366858927748683e-04
1.419554766050101224e-01 5.197467565976090749e-04
1.426113707194128777e-01 5.199139943245467384e-04
1.432702953409830948e-01 5.161738210408993097e-04
1.439322644719407129e-01 5.095125032988237837e-04
1.445972921792019472e-01 5.024055425378455260e-04
1.452653925946780777e-01 4.973541731816658214e-04
1.459365799155756538e-01 4.961284524361393115e-04
1.466108684046984467e-01 4.986007327331993958e-04
1.472882723907502633e-01 5.026809055907661451e-04
1.479688062686396188e-01 5.058853581180597012e-04
1.486524844997856865e-01 5.057411653407530060e-04
1.493393216124252187e-01 5.016084476458169657e-04
1.500293322019218278e-01 4.948655364937281720e-04
1.507225309310756267e-01 4.881342257578845942e-04
1.514189325304352018e-01 4.840585184731126885e-04
1.521185517986104463e-01 4.840233939298977999e-04
1.528214036025870026e-01 4.872931351299745638e-04
1.535275028780422601e-01 4.912663254029304809e-04
1.542368646296628232e-01 4.932792112343470760e-04
1.549495039314631728e-01 4.913475955968902176e-04
1.556654359271061605e-01 4.857158082011104813e-04
1.563846758302246953e-01 4.788694454187498290e-04
1.571072389247450407e-01 4.734552581611033476e-04
1.578331405652117214e-01 4.718776348544803417e-04
1.585623961771137069e-01 4.742155252773480926e-04
1.592950212572122604e-01 4.781501289218242738e-04
1.600310313738700918e-01 4.809526978775993905e-04
1.607704421673823714e-01 4.800205961624996309e-04
1.615132693503090466e-01 4.750927054519806154e-04
1.622595287078087423e-01 4.684097782257105251e-04
1.630092360979740751e-01 4.627893699206094068e-04
1.637624074521688011e-01 4.609183212000889270e-04
1.645190587753662392e-01 4.630567517095969055e-04
1.652792061464894713e-01 4.669581540044544904e-04
1.660428657187530133e-01 4.696118799029486666e-04
1.668100537200058742e-01 4.684320495605058901e-04
1.675807864530767799e-01 4.633149375843701031e-04
1.683550802961202297e-01 4.567013586383288906e-04
1.691329517029648011e-01 4.517669236324873714e-04
1.699144172034626477e-01 4.508647425825471414e-04
1.706994934038407463e-01 4.537155108151857659e-04
1.714881969870540035e-01 4.575330297927537523e-04
1.722805447131393886e-01 4.590453647592567009e-04
1.730765534195724820e-01 4.563230400155327319e-04
1.738762400216250781e-01 4.503385666724433957e-04
1.746796215127245366e-01 4.441745227488329696e-04
1.754867149648151048e-01 4.411087433810211337e-04
1.762975375287205715e-01 4.423685659930218770e-04
1.771121064345087814e-01 4.460399882284264077e-04
1.779304389918577867e-01 4.489086356599727707e-04
1.787525525904234969e-01 4.479465519329811000e-04
1.795784647002095780e-01 4.429244345685727263e-04
1.804081928719382666e-01 4.366178839769976503e-04
1.812417547374236826e-01 4.324374468558605080e-04
1.820791680099462795e-01 4.326048639505994907e-04
1.829204504846293211e-01 4.360248912845585524e-04
1.837656200388171346e-01 4.392648969790814250e-04
1.846146946324547511e-01 4.389434364133908465e-04
1.854676923084698503e-01 4.343412021158451998e-04
1.863246311931560373e-01 4.281781452288536071e-04
1.871855294965578675e-01 4.238911146304160239e-04
1.880504055128582597e-01 4.239938983733993307e-04
1.889192776207666291e-01 4.273777982421002384e-04
1.897921642839100476e-01 4.304585361461657034e-04
1.906690840512252350e-01 4.298566645925025031e-04
1.915500555573527997e-01 4.250147602607236589e-04
1.924350975230331162e-01 4.189564962483417407e-04
1.933242287555045347e-01 4.154756456225078233e-04
1.942174681489025334e-01 4.165450872414156337e-04
1.951148346846616755e-01 4.200696497221952271e-04
1.960163474319185639e-01 4.224212363211108734e-04
1.969220255479172399e-01 4.204774448719797962e-04
1.978318882784164401e-01 4.148877377563687054e-04
1.987459549580982698e-01 4.094114087587711758e-04
1.996642450109794020e-01 4.077575134690280038e-04
2.005867779508233861e-01 4.103086021882892129e-04
2.015135733815557606e-01 4.137192363142696400e-04
2.024446509976803865e-01 4.141422599743421772e-04
2.033800305846981127e-01 4.100122075663693833e-04
2.043197320195271061e-01 4.041403075382360779e-04
2.052637752709252084e-01 4.006007785297255297e-04
2.062121803999143466e-01 4.017632096967717423e-04
2.071649675602068863e-01 4.052400020059345517e-04
2.081221569986338171e-01 4.070348677646846731e-04
2.090837690555750472e-01 4.042163219606897647e-04
2.100498241653915299e-01 3.985041090800689164e-04
2.110203428568595552e-01 3.941006310260673209e-04
2.119953457536070951e-01 3.943172810571195122e-04
2.129748535745520088e-01 3.976231849851588618e-04
2.139588871343422183e-01 3.999314799465399930e-04
2.149474673437980488e-01 3.977383343546029974e-04
2.159406152103566512e-01 3.922134992186497430e-04
2.169383518385184229e-01 3.876529123043383511e-04
2.179406984302954819e-01 3.876839981259846903e-04
2.189476762856621128e-01 3.909202396965259785e-04
2.199593068030074872e-01 3.931619662538455434e-04
2.209756114795902171e-01 3.907818193685435389e-04
2.219966119119954895e-01 3.852920622017528868e-04
2.230223297965937546e-01 3.811525119612009169e-04
2.240527869300018848e-01 3.817433463075967288e-04
2.250880052095461659e-01 3.850979155737546049e-04
2.261280066337278405e-01 3.866845925505850825e-04
2.271728133026905128e-01 3.833662411468065183e-04
2.282224474186897445e-01 3.779708453071819324e-04
2.292769312865649278e-01 3.749234584584795011e-04
2.303362873142131284e-01 3.767637396738944652e-04
2.314005380130652878e-01 3.800417185096091393e-04
2.324697059985647851e-01 3.800551678148406565e-04
2.335438139906478860e-01 3.755059066194835790e-04
2.346228848142263013e-01 3.705176075677517008e-04
2.357069413996727703e-01 3.696343492411832601e-04
2.367960067833077553e-01 3.726159563646423960e-04
2.378901041078893275e-01 3.748533722986659871e-04
2.389892566231049675e-01 3.723138788255592928e-04
2.400934876860652545e-01 3.670066182661115006e-04
2.412028207618006903e-01 3.638779151685047524e-04
2.423172794237599403e-01 3.656977103370744313e-04
2.434368873543110434e-01 3.688227653483265849e-04
2.445616683452445927e-01 3.683052570796230838e-04
2.456916462982790816e-01 3.635363853595755998e-04
2.468268452255692469e-01 3.592416702542285275e-04
2.479672892502158832e-01 3.597539664004354614e-04
2.491130026067788494e-01 3.629274485420066272e-04
2.502640096417918514e-01 3.636984135735266349e-04
2.514203348142797223e-01 3.595137295587219725e-04
2.525820026962784515e-01 3.547019825032687022e-04
2.537490379733570167e-01 3.542902739631704524e-04
2.549214654451423256e-01 3.574040982530796856e-04
2.560993100258458499e-01 3.588122087869818097e-04
2.572825967447933682e-01 3.551452482420390283e-04
2.584713507469563742e-01 3.503316976211416308e-04
2.596655972934870937e-01 3.495874606574443720e-04
2.608653617622547771e-01 3.525415310163859716e-04
2.620706696483851572e-01 3.539222606938896023e-04
2.632815465648021269e-01 3.502141460373552821e-04
2.644980182427719706e-01 3.455177955800765280e-04
2.657201105324505375e-01 3.451744809186270370e-04
2.669478494034320804e-01 3.482521703467760855e-04
2.681812609453014806e-01 3.492088133408144520e-04
2.694203713681883605e-01 3.450803345518409248e-04
2.706652070033241375e-01 3.406965138101055520e-04
2.719157943036017433e-01 3.412201693245269364e-04
2.731721598441376186e-01 3.442858326809056192e-04
2.744343303228364839e-01 3.441567537772547824e-04
2.757023325609583853e-01 3.395943591187843805e-04
2.769761935036890721e-01 3.361793077017244326e-04
2.782559402207124277e-01 3.379302418159819098e-04
2.795415999067856205e-01 3.405397283207361320e-04
2.808331998823171971e-01 3.384997339325235602e-04
2.821307675939472293e-01 3.338785230743391771e-04
2.834343306151309028e-01 3.324075181340715134e-04
2.847439166467246041e-01 3.351798150915465688e-04
2.860595535175741722e-01 3.363158515880469951e-04
2.873812691851065360e-01 3.323980801917256265e-04
2.887090917359236286e-01 3.284801487801235014e-04
2.900430493863991877e-01 3.297435334038486686e-04
2.913831704832787195e-01 3.324994363878186108e-04
2.927294835042815735e-01 3.307223626427115777e-04
2.940820170587062909e-01 3.260783442785682639e-04
2.954407998880381192e-01 3.248819538490392046e-04
2.968058608665602449e-01 3.277496774033442561e-04
2.981772290019671923e-01 3.283491295765177250e-04
2.995549334359813298e-01 3.240815680738005000e-04
3.009390034449720419e-01 3.209247806839895059e-04
3.023294684405777866e-01 3.231064954765303348e-04
3.037263579703311511e-01 3.252324444480546458e-04
3.051297017182869054e-01 3.219008042137796815e-04
3.065395295056526637e-01 3.177603645076105578e-04
3.079558712914226004e-01 3.188531603615866582e-04
3.093787571730138297e-01 3.215355918371479377e-04
3.108082173869063936e-01 3.193895381606094469e-04
3.122442823092856368e-01 3.149840117273640665e-04
3.136869824566877463e-01 3.150313911584697773e-04
3.151363484866478437e-01 3.178567068323778799e-04
3.165924111983522415e-01 3.165625569433122110e-04
3.180552015332919757e-01 3.121332768332907488e-04
3.195247505759211681e-01 3.115875496751510415e-04
3.210010895543172205e-01 3.144054093415531354e-04
3.224842498408441172e-01 3.134860877875556267e-04
3.239742629528197249e-01 3.091172080887583844e-04
3.254711605531848129e-01 3.084576017853279408e-04
3.269749744511766254e-01 3.112164134156622281e-04
3.284857366030044523e-01 3.102039753561184059e-04
3.300034791125284195e-01 3.059503886640788767e-04
3.315282342319424980e-01 3.056188184765461007e-04
3.330600343624588455e-01 3.082162647599349958e-04
3.345989120549973106e-01 3.067578442848170302e-04
3.361449000108766016e-01 3.027366467571792350e-04
3.376980310825090648e-01 3.029273828211819083e-04
3.392583382740993470e-01 3.053749427850061720e-04
3.408258547423451690e-01 3.032499015765075792e-04
3.424006137971423724e-01 2.994049290883177500e-04
3.439826489022925204e-01 3.005392453750469449e-04
3.455719936762138289e-01 3.026427990969548869e-04
3.471686818926561502e-01 2.994173430898910884e-04
3.487727474814177331e-01 2.962982367176842063e-04
3.503842245290674229e-01 2.985606957308519047e-04
3.520031472796679717e-01 2.993723782741221557e-04
3.536295501355041782e-01 2.952957554251570507e-04
3.552634676578141359e-01 2.941151804888336350e-04
3.569049345675229801e-01 2.967588275634231105e-04
3.585539857459816293e-01 2.952330018341181410e-04
3.602106562357070829e-01 2.914428316899928006e-04
3.618749812411279354e-01 2.924850153480120754e-04
3.635469961293319452e-01 2.943149168527889499e-04
3.652267364308175446e-01 2.910234302397216250e-04
3.669142378402492910e-01 2.886326306031557231e-04
3.686095362172158718e-01 2.910439678344294598e-04
3.703126675869926054e-01 2.906418642046108792e-04
3.720236681413067736e-01 2.866114291086282258e-04
3.737425742391063954e-01 2.873438417186186498e-04
3.754694224073336084e-01 2.893086811278310598e-04
3.772042493416998266e-01 2.858430305489554355e-04
3.789470919074666710e-01 2.839798863273381964e-04
3.806979871402286220e-01 2.863133027067726335e-04
3.824569722466998889e-01 2.852882304065447786e-04
3.842240846055060000e-01 2.815314789674886213e-04
3.859993617679768341e-01 2.829205797250449687e-04
3.877828414589456485e-01 2.840606607644739941e-04
3.895745615775503268e-01 2.802413516301368213e-04
3.913745601980384015e-01 2.799247707779528279e-04
3.931828755705769063e-01 2.820884450048781618e-04
3.949995461220643933e-01 2.791913318253966183e-04
3.968246104569480570e-01 2.769866814035412922e-04
3.986581073580440782e-01 2.793014972959121604e-04
4.005000757873611317e-01 2.780681025597238646e-04
4.023505548869292237e-01 2.747686307087847282e-04
4.042095839796306933e-01 2.767133419352295798e-04
4.060772025700365440e-01 2.764205750297104658e-04
4.079534503452451055e-01 2.729930810385006374e-04
4.098383671757261371e-01 2.739100701150899882e-04
4.117319931161678159e-01 2.749433012082088063e-04
4.136343684063274462e-01 2.712015999841838575e-04
4.155455334718875515e-01 2.715797355444760043e-04
4.174655289253136892e-01 2.731804889808597467e-04
4.193943955667186474e-01 2.695218211593090581e-04
4.213321743847288081e-01 2.690938308870767862e-04
4.232789065573549503e-01 2.710324229202933392e-04
4.252346334528682159e-01 2.677898540075250100e-04
4.271993966306779078e-01 2.671336556629933727e-04
4.291732378422157268e-01 2.690729406446772500e-04
4.311561990318227289e-01 2.658768187254445504e-04
4.331483223376399461e-01 2.649287899811174633e-04
4.351496500925050026e-01 2.669106220315011001e-04
4.371602248248504519e-01 2.638320336413761745e-04
4.391800892596086081e-01 2.632416811659134921e-04
4.412092863191188763e-01 2.649944784694634355e-04
4.432478591240396892e-01 2.618763085412105637e-04
4.452958509942655518e-01 2.613965034156224502e-04
4.473533054498465278e-01 2.628759403560133596e-04
4.494202662119142211e-01 2.594501551774016268e-04
4.514967772036100890e-01 2.597597504518728219e-04
4.535828825510187512e-01 2.607616246889093580e-04
4.556786265841064054e-01 2.573830614406029025e-04
4.577840538376618529e-01 2.584640230965288914e-04
4.598992090522438514e-01 2.584582972341258056e-04
4.620241371751311887e-01 2.552253178101702535e-04
4.641588833612778631e-01 2.569314127603149786e-04
4.663034929742731483e-01 2.557639417867031998e-04
4.684580115873047679e-01 2.534646963132341883e-04
4.706224849841281754e-01 2.555733239533862391e-04
4.727969591600389432e-01 2.532001296669792226e-04
4.749814803228500915e-01 2.522506148332757415e-04
4.771760948938745805e-01 2.537451902727955568e-04
4.793808495089109112e-01 2.505403911017022359e-04
4.815957910192352198e-01 2.511012224399282325e-04
4.838209664925955944e-01 2.512078116028651910e-04
4.860564232142134955e-01 2.481950210797333818e-04
4.883022086877880086e-01 2.500055881289347972e-04
4.905583706365048147e-01 2.481938645334322161e-04
4.928249570040514338e-01 2.469255506555118550e-04
4.951020159556350220e-01 2.485116776258483704e-04
4.973895958790063854e-01 2.454462699826681876e-04
4.996877453854883799e-01 2.463491906324060017e-04
5.019965133110081412e-01 2.458209740142436100e-04
5.043159487171360311e-01 2.434113935416213465e-04
5.066461008921266940e-01 2.451347418055489953e-04
5.089870193519681063e-01 2.423706726839937656e-04
5.113387538414325695e-01 2.425482448735607826e-04
5.137013543351340861e-01 2.426790291743679303e-04
5.160748710385908433e-01 2.401914691213806626e-04
5.184593543892911383e-01 2.417572475002560987e-04
5.208548550577661862e-01 2.394852950436866953e-04
5.232614239486661489e-01 2.394929064947570285e-04
5.256791122018421580e-01 2.396982390084723775e-04
5.281079711934332233e-01 2.371876486990047276e-04
5.305480525369572486e-01 2.388119609647906393e-04
5.329994080844089321e-01 2.361774100685564348e-04
5.354620899273607737e-01 2.365957342773931276e-04
5.379361503980700787e-01 2.360539646395505954e-04
5.404216420705916235e-01 2.340916564650322011e-04
5.429186177618940956e-01 2.353711260686025585e-04
5.454271305329833064e-01 2.324444158062865368e-04
5.479472336900287344e-01 2.337404627052046041e-04
5.504789807854970629e-01 2.319788669228147653e-04
5.530224256192901588e-01 2.316041629124154647e-04
5.555776222398876030e-01 2.317404327501350705e-04
5.581446249454963260e-01 2.295718100834871626e-04
5.607234882852032420e-01 2.309595137315950610e-04
5.633142670601354318e-01 2.283390526074416610e-04
5.659170163246244334e-01 2.297142012105117428e-04
5.685317913873751960e-01 2.276740204474606217e-04
5.711586478126432498e-01 2.275794477464976719e-04
5.737976414214134291e-01 2.271826758102046264e-04
5.764488282925875895e-01 2.257313710435750805e-04
5.791122647641759880e-01 2.266014810144884343e-04
5.817880074344934371e-01 2.240225723483013393e-04
5.844761131633634532e-01 2.253590166459790373e-04
5.871766390733255125e-01 2.228195325899258244e-04
5.898896425508496355e-01 2.238851669484258702e-04
5.926151812475554115e-01 2.218148328005623178e-04
5.953533130814369079e-01 2.221821274401859759e-04
5.981040962380941295e-01 2.208589783904918522e-04
6.008675891719686968e-01 2.204179635295375834e-04
6.036438506075867405e-01 2.201829282005208664e-04
6.064329395408063483e-01 2.187338260399939826e-04
6.092349152400710066e-01 2.192205378751098269e-04
6.120498372476699256e-01 2.171919688886536485e-04
6.148777653810023613e-01 2.180312941406953482e-04
6.177187597338491543e-01 2.158023696044483026e-04
6.205728806776501516e-01 2.167681235254397096e-04
6.234401888627861821e-01 2.145324954288370866e-04
6.263207452198689129e-01 2.154785828662264882e-04
6.292146109610343707e-01 2.133332921670014063e-04
6.321218475812451221e-01 2.141964551413830990e-04
6.350425168595963399e-01 2.121499655360662654e-04
6.379766808606280870e-01 2.129446717643145709e-04
6.409244019356453714e-01 2.109368541378230251e-04
6.438857427240419762e-01 2.117244019544779700e-04
6.468607661546326160e-01 2.096820840613329432e-04
6.498495354469889795e-01 2.105273760883236904e-04
6.528521141127845429e-01 2.083908322779847594e-04
6.558685659571431570e-01 2.093156530556091670e-04
6.588989550799949635e-01 2.070840319929035907e-04
6.619433458774393042e-01 2.080400338046269244e-04
6.650018030431119609e-01 2.057866080986994718e-04
6.680743915695612767e-01 2.066738974483034073e-04
6.711611767496283854e-01 2.045481532037953876e-04
6.742622241778342129e-01 2.052055210837892070e-04
6.773775997517750280e-01 2.032007056467055703e-04
6.805073696735207678e-01 2.037927323621068615e-04
6.836516004510236888e-01 2.018495528352538240e-04
6.868103588995303488e-01 2.022680114021835817e-04
6.899837121430018039e-01 2.005820343266192499e-04
6.931717276155405782e-01 2.006467779812046214e-04
6.963744730628224078e-01 1.996887557236365861e-04
6.995920165435373095e-01 1.990233411402737124e-04
7.028244264308348699e-01 1.989399855207615972e-04
7.060717714137773049e-01 1.977514667500785263e-04
7.093341204987995141e-01 1.981145279130839556e-04
7.126115430111746862e-01 1.964628862585596810e-04
7.159041085964886753e-01 1.971597879679194297e-04
7.192118872221189285e-01 1.952172112910227891e-04
7.225349491787214085e-01 1.956216873788574903e-04
7.258733650817251748e-01 1.941391653137235858e-04
7.292272058728315187e-01 1.936652179625896646e-04
7.325965428215229780e-01 1.929288503634870439e-04
7.359814475265766820e-01 1.916503087452692288e-04
7.393819919175865785e-01 1.921463562998562094e-04
7.427982482564916555e-01 1.904182478134254389e-04
7.462302891391109361e-01 1.910081703879124362e-04
7.496781874966876869e-01 1.897022737889771473e-04
7.531420165974371805e-01 1.896761496397126809e-04
7.566218500481054487e-01 1.891808739123309029e-04
7.601177617955328092e-01 1.876078927720941346e-04
7.636298261282243871e-01 1.878064397999689556e-04
7.671581176779301847e-01 1.859681831410756883e-04
7.707027114212299246e-01 1.860166853244017498e-04
7.742636826811269968e-01 1.853861337019677678e-04
7.778411071286488454e-01 1.845439594115678625e-04
7.814350607844543495e-01 1.849907407718194845e-04
7.850456200204509738e-01 1.833907293450063637e-04
7.886728615614151394e-01 1.833674370178738284e-04
7.923168624866253618e-01 1.823837565345446375e-04
7.959777002314983863e-01 1.809501475148002955e-04
7.996554525892348719e-01 1.813061103849678782e-04
8.033501977124734017e-01 1.800622667141727048e-04
8.070620141149503768e-01 1.799946046470999922e-04
8.107909806731686819e-01 1.799500051646383940e-04
8.145371766280743442e-01 1.782958223451649451e-04
8.183006815867391870e-01 1.781740722293826231e-04
8.220815755240540312e-01 1.770612996928261698e-04
8.258799387844267814e-01 1.760409738636601804e-04
8.296958520834906148e-01 1.765786891948970233e-04
8.335293965098193869e-01 1.756701112732816353e-04
8.373806535266491435e-01 1.748003716143060524e-04
8.412497049736118448e-01 1.745775337623898702e-04
8.451366330684717543e-01 1.729729047578998900e-04
8.490415204088747059e-01 1.726328318412562602e-04
8.529644499741022567e-01 1.729314165691145995e-04
8.569055051268349432e-01 1.717518845101555919e-04
8.608647696149244188e-01 1.711945459240173919e-04
8.648423275731722537e-01 1.706553695267410461e-04
8.688382635251186148e-01 1.692182997098619953e-04
8.728526623848377186e-01 1.692371838794583781e-04
8.768856094587428318e-01 1.694686931617836792e-04
8.809371904473990433e-01 1.679732310418767917e-04
8.850074914473433640e-01 1.669886404435836312e-04
8.890965989529160396e-01 1.669379077379639015e-04
8.932045998580966373e-01 1.661667081628950317e-04
8.973315814583522343e-01 1.656676085737281796e-04
9.014776314524917122e-01 1.653870546936596971e-04
9.056428379445289334e-01 1.641174179385781963e-04
9.098272894455560200e-01 1.632326325411834114e-04
9.140310748756229620e-01 1.635944946569395744e-04
9.182542835656284375e-01 1.630653402354427094e-04
9.224970052592174063e-01 1.614383332539132024e-04
9.267593301146878071e-01 1.609443922666708559e-04
9.310413487069078009e-01 1.612237171742974314e-04
9.353431520292384560e-01 1.603734849965461021e-04
9.396648314954693104e-01 1.590814124053495252e-04
9.440064789417603741e-01 1.587680054622365067e-04
9.483681866285922357e-01 1.586451987104790979e-04
9.527500472427292699e-01 1.577530159637313462e-04
9.571521538991862865e-01 1.568305736377133134e-04
9.615746001432098344e-01 1.564747692065082826e-04
9.660174799522646127e-01 1.560663810754290041e-04
9.704808877380302068e-01 1.552623938456925280e-04
9.749649183484089265e-01 1.545461969349383891e-04
9.794696670695393070e-01 1.540968258108629124e-04
9.839952296278231536e-01 1.535548467568172788e-04
9.885417021919573610e-01 1.528399812657728113e-04
9.931091813749796104e-01 1.522106281905278159e-04
9.976977642363203946e-01 1.516918922171377312e-04
1.002307548283865479e+00 1.511013559906260585e-04
1.006938631476027579e+00 1.504431209481313077e-04
1.011591112223829692e+00 1.498442840302077978e-04
1.016265089392994758e+00 1.492872144821180561e-04
1.020960662306046540e+00 1.486834534122554266e-04
1.025677930744421928e+00 1.480562954054980842e-04
1.030416994950587917e+00 1.474668328103280652e-04
1.035177955630176339e+00 1.468909856549941719e-04
1.039960913954119714e+00 1.462863450401149709e-04
1.044765971560804196e+00 1.456760503806611695e-04
1.049593230558227619e+00 1.450891586295737705e-04
1.054442793526168876e+00 1.445047994330149823e-04
1.059314763518369951e+00 1.439030865485898766e-04
1.064209244064724169e+00 1.433025539764827062e-04
1.069126339173475992e+00 1.427164595139619632e-04
1.074066153333433471e+00 1.421287704867522179e-04
1.079028791516184249e+00 1.415309813945804919e-04
1.084014359178330889e+00 1.409367672163820120e-04
1.089022962263729966e+00 1.403513160908281658e-04
1.094054707205742494e+00 1.397630366140698726e-04
1.099109700929497224e+00 1.391692948384940008e-04
1.104188050854160830e+00 1.385796798066847428e-04
1.109289864895222744e+00 1.379952672260923243e-04
1.114415251466787549e+00 1.374080025002910946e-04
1.119564319483878245e+00 1.368181850218899026e-04
1.124737178364751955e+00 1.362323239130026680e-04
1.129933938033222285e+00 1.356494790051035958e-04
1.135154708920999012e+00 1.350642318533229512e-04
1.140399601970032428e+00 1.344782370308736299e-04
1.145668728634871458e+00 1.338957690622459118e-04
1.150962200885032205e+00 1.333150004371806533e-04
1.156280131207376050e+00 1.327324466062954186e-04
1.161622632608501959e+00 1.321502482214733103e-04
1.166989818617146790e+00 1.315710812947081117e-04
1.172381803286598467e+00 1.309928447036669264e-04
1.177798701197119158e+00 1.304134758924494300e-04
1.183240627458378658e+00 1.298351122836681958e-04
1.188707697711903322e+00 1.292593018044041985e-04
1.194200028133531877e+00 1.286840011639296601e-04
1.199717735435884336e+00 1.281081945028875516e-04
1.205260936870842681e+00 1.275337417766733564e-04
1.210829750232039981e+00 1.269614190460552133e-04
1.216424293857367944e+00 1.263894255524022892e-04
1.222044686631488020e+00 1.258174717019872491e-04
1.227691047988359152e+00 1.252469723701711980e-04
1.233363497913775975e+00 1.246783050510666836e-04
1.239062156947916327e+00 1.241100264494701666e-04
1.244787146187906091e+00 1.235418637221905459e-04
1.250538587290390691e+00 1.229758337478558240e-04
1.256316602474120803e+00 1.224108963630344583e-04
1.262121314522547388e+00 1.218463347240238603e-04
1.267952846786434495e+00 1.212825921394940221e-04
1.273811323186478495e+00 1.207205652395788663e-04
1.279696868215940864e+00 1.201596586711316472e-04
1.285609606943295846e+00 1.195991960904271172e-04
1.291549665014884107e+00 1.190397720668932700e-04
1.297517168657587483e+00 1.184819646394769593e-04
1.303512244681508836e+00 1.179251621152514870e-04
1.309535020482667012e+00 1.173689291009713076e-04
1.315585624045704449e+00 1.168138885513260173e-04
1.321664183946605231e+00 1.162603516406110536e-04
1.327770829355429782e+00 1.157077309343764696e-04
1.333905690039058678e+00 1.151558158078040331e-04
1.340068896363949991e+00 1.146051825440792766e-04
1.346260579298910409e+00 1.140559348980784186e-04
1.352480870417875458e+00 1.135075481945301576e-04
1.358729901902709924e+00 1.129599921462165154e-04
1.365007806546013835e+00 1.124137585635350749e-04
1.371314717753944867e+00 1.118687984212747804e-04
1.377650769549054299e+00 1.113246735306416666e-04
1.384016096573131627e+00 1.107814845949160699e-04
1.390410834090070491e+00 1.102396235689783669e-04
1.396835117988739716e+00 1.096989375567511264e-04
1.403289084785872332e+00 1.091590862392221331e-04
1.409772871628967028e+00 1.086202553437221323e-04
1.416286616299198720e+00 1.080827339931260980e-04
1.422830457214352640e+00 1.075463081117008563e-04
1.429404533431761104e+00 1.070107383268558104e-04
1.436008984651259812e+00 1.064762553784236507e-04
1.442643951218158138e+00 1.059430493435281091e-04
1.449309574126216527e+00 1.054108815024503343e-04
1.456005995020649202e+00 1.048796106610097519e-04
1.462733356201129986e+00 1.043494787824768267e-04
1.469491800624816547e+00 1.038205863364539906e-04
1.476281471909390186e+00 1.032926998730115004e-04
1.483102514336104516e+00 1.027657654491019937e-04
1.489955072852854556e+00 1.022400121842747720e-04
1.496839293077255606e+00 1.017154661431835937e-04
1.503755321299737657e+00 1.011919189361404526e-04
1.510703304486654908e+00 1.006693877135326332e-04
1.517683390283405265e+00 1.001480742480062119e-04
1.524695727017573832e+00 9.962794739044774891e-05
1.531740463702079724e+00 9.910883557116098206e-05
1.538817750038345533e+00 9.859080902549888605e-05
1.545927736419477672e+00 9.807403381327522854e-05
1.553070573933460041e+00 9.755843880566501163e-05
1.560246414366368795e+00 9.704389531354216166e-05
1.567455410205595090e+00 9.653050853065374296e-05
1.574697714643085833e+00 9.601840435578727162e-05
1.581973481578600627e+00 9.550748777302076455e-05
1.589282865622978047e+00 9.499767509119934469e-05
1.596626022101425901e+00 9.448908910005614594e-05
1.604003107056819921e+00 9.398181377951090698e-05
1.611414277253019112e+00 9.347574480153203534e-05
1.618859690178198418e+00 9.297084176449335396e-05
1.626339504048192275e+00 9.246722951740863987e-05
1.633853877809861244e+00 9.196495192266218523e-05
1.641402971144466427e+00 9.146390676249435637e-05
1.648986944471064975e+00 9.096409088821717792e-05
1.656605958949914470e+00 9.046561983031040468e-05
1.664260176485903520e+00 8.996850201323605169e-05
1.671949759731989227e+00 8.947264468326734130e-05
1.679674872092653093e+00 8.897807373045781584e-05
1.687435677727375793e+00 8.848488765486080395e-05
1.695232341554120614e+00 8.799306556316956760e-05
1.703065029252844420e+00 8.750252884541955391e-05
1.710933907269014398e+00 8.701332323822327179e-05
1.718839142817145671e+00 8.652552549015105662e-05
1.726780903884356011e+00 8.603909210495534331e-05
1.734759359233931653e+00 8.555396174706416160e-05
1.742774678408919087e+00 8.507019062486698971e-05
1.750827031735724182e+00 8.458783150974243028e-05
1.758916590327732621e+00 8.410682519054329465e-05
1.767043526088946548e+00 8.362712974344441294e-05
1.775208011717635204e+00 8.314880307919300054e-05
1.783410220710007987e+00 8.267187365410159981e-05
1.791650327363900397e+00 8.219627405708121145e-05
1.799928506782476401e+00 8.172198143244178438e-05
1.808244934877951682e+00 8.124904907995787891e-05
1.816599788375327762e+00 8.077748277321677821e-05
1.824993244816152327e+00 8.030721372552950454e-05
1.833425482562289766e+00 7.983823581325807071e-05
1.841896680799710806e+00 7.937059409916170558e-05
1.850407019542302134e+00 7.890427475882101670e-05
1.858956679635687337e+00 7.843921330419811530e-05
1.867545842761076047e+00 7.797541692577870281e-05
1.876174691439120412e+00 7.751292071433734429e-05
1.884843409033795325e+00 7.705169512477768982e-05
1.893552179756295306e+00 7.659168455771559326e-05
1.902301188668944709e+00 7.613290542036713516e-05
1.911090621689137903e+00 7.567538223462953718e-05
1.919920665593283893e+00 7.521907389547028138e-05
1.928791508020777812e+00 7.476393712644929194e-05
1.937703337477988841e+00 7.430999304143685099e-05
1.946656343342262341e+00 7.385725540276461909e-05
1.955650715865949074e+00 7.340567594578426903e-05
1.964686646180445528e+00 7.295522514706739392e-05
1.973764326300255334e+00 7.250592482161712614e-05
1.982883949127071332e+00 7.205777745601157490e-05
1.992045708453870301e+00 7.161073232704125342e-05
2.001249798969037208e+00 7.116477233027434493e-05
2.010496416260497909e+00 7.071991703324764930e-05
2.019785756819878486e+00 7.027615759748187454e-05
2.029118018046677907e+00 6.983344427780186490e-05
2.038493398252463340e+00 6.939176974248409456e-05
2.047912096665085446e+00 6.895114897492313417e-05
2.057374313432912771e+00 6.851156234059202856e-05
2.066880249629082122e+00 6.807296355356824106e-05
2.076430107255774704e+00 6.763535177010123291e-05
2.086024089248503799e+00 6.719873589962795373e-05
2.095662399480433091e+00 6.676308665554921606e-05
2.105345242766705205e+00 6.632836344926522376e-05
2.115072824868794665e+00 6.589456867134172238e-05
2.124845352498883067e+00 6.546170491847739267e-05
2.134663033324244452e+00 6.502973535137074139e-05
2.144526075971667556e+00 6.459862763394921467e-05
2.154434690031883370e+00 6.416838522658369125e-05
2.164389086064020251e+00 6.373900525950280179e-05
2.174389475600079891e+00 6.331044774971222747e-05
2.184436071149427505e+00 6.288269057983497375e-05
2.194529086203313550e+00 6.245573907188761752e-05
2.204668735239408761e+00 6.202958684285643943e-05
2.214855233726359174e+00 6.160419743668412319e-05
2.225088798128369572e+00 6.117956107223379016e-05
2.235369645909795366e+00 6.075568832890945850e-05
2.245697995539774006e+00 6.033257329540608627e-05
2.256074066496860375e+00 5.991019083118914897e-05
2.266498079273694177e+00 5.948854663695732841e-05
2.276970255381680186e+00 5.906766157602722601e-05
2.287490817355703143e+00 5.864753621282964773e-05
2.298059988758851091e+00 5.822816462620785375e-05
2.308677994187168458e+00 5.780957234026876064e-05
2.319345059274428689e+00 5.739179556784235783e-05
2.330061410696924629e+00 5.697484911698254408e-05
2.340827276178293115e+00 5.655875257827057217e-05
2.351642884494348440e+00 5.614355660716615444e-05
2.362508465477946462e+00 5.572931589735009541e-05
2.373424250023867366e+00 5.531606816271850840e-05
2.384390470093720626e+00 5.490386167587673461e-05
2.395407358720877955e+00 5.449277679376814311e-05
2.406475150015424003e+00 5.408288778618843744e-05
2.417594079169129717e+00 5.367426146054415508e-05
2.428764382460451898e+00 5.326697540435867040e-05
2.439986297259550074e+00 5.286114021591474662e-05
2.451260062033338460e+00 5.245684968030169069e-05
2.462585916350546800e+00 5.205420023520841217e-05
2.473964100886812734e+00 5.165329707956888667e-05
2.485394857429799931e+00 5.125427607640562026e-05
2.496878428884326873e+00 5.085724877625027600e-05
2.508415059277540049e+00 5.046233543714515453e-05
2.520004993764092038e+00 5.006966456812242719e-05
2.531648478631354227e+00 4.967938687531014519e-05
2.543345761304649510e+00 4.929162765012149176e-05
2.555097090352507205e+00 4.890651991299274664e-05
2.566902715491950371e+00 4.852420824573251207e-05
2.578762887593800901e+00 4.814484420519548713e-05
2.590677858688007706e+00 4.776855996452817710e-05
2.602647881969005983e+00 4.739548787091841061e-05
2.614673211801092023e+00 4.702577776394763795e-05
2.626754103723837108e+00 4.665956863332285727e-05
2.638890814457510281e+00 4.629698824349011839e-05
2.651083601908537535e+00 4.593815784796607509e-05
2.663332725174982318e+00 4.558321677679667508e-05
2.675638444552045137e+00 4.523228276536626701e-05
2.688001021537606228e+00 4.488546482458944455e-05
2.700420718837772682e+00 4.454286550521255843e-05
2.712897800372465973e+00 4.420459853756391846e-05
2.725432531281029025e+00 4.387075379888324240e-05
2.738025177927857712e+00 4.354140996238191520e-05
2.750676007908066101e+00 4.321664428246682193e-05
2.763385290053169907e+00 4.289653437493774974e-05
2.776153294436799701e+00 4.258113682936525937e-05
2.788980292380441206e+00 4.227049358539216304e-05
2.801866556459195134e+00 4.196465053631683864e-05
2.814812360507579658e+00 4.166364469490009624e-05
2.827817979625341316e+00 4.136749449526764204e-05
2.840883690183302779e+00 4.107620460787611766e-05
2.854009769829239040e+00 4.078978355526572026e-05
2.867196497493769591e+00 4.050822909628720096e-05
2.880444153396296336e+00 4.023151696277872528e-05
2.893753019050950392e+00 3.995961844612754921e-05
2.907123377272576636e+00 3.969249989695083886e-05
2.920555512182746671e+00 3.943012335490351508e-05
2.934049709215786894e+00 3.917242073320275015e-05
2.947606255124857189e+00 3.891933304200959732e-05
2.961225437988034503e+00 3.867078453467175895e-05
2.974907547214440395e+00 3.842670372495232890e-05
2.988652873550384115e+00 3.818698231364748739e-05
3.002461709085549213e+00 3.795153252053640495e-05
3.016334347259195692e+00 3.772024113510192851e-05
3.030271082866396348e+00 3.749300453702366509e-05
3.044272212064302874e+00 3.726968200394591049e-05
3.058338032378433269e+00 3.705015782585418486e-05
3.072468842709003667e+00 3.683429034290033649e-05
3.086664943337273037e+00 3.662194547807411538e-05
3.100926635931926523e+00 3.641296195154809714e-05
3.115254223555488089e+00 3.620719777676962594e-05
3.129648010670751823e+00 3.600449585156845320e-05
3.144108303147264749e+00 3.580469510411617102e-05
3.158635408267817191e+00 3.560762875187191033e-05
3.173229634734976212e+00 3.541313297777273577e-05
3.187891292677645705e+00 3.522104942214181482e-05
3.202620693657651785e+00 3.503119905113117932e-05
3.217418150676371713e+00 3.484342129055263302e-05
3.232283978181379247e+00 3.465754344364623441e-05
3.247218492073128626e+00 3.447341401255413207e-05
3.262222009711670090e+00 3.429085294315452662e-05
3.277294849923383602e+00 3.410971232012340628e-05
3.292437333007768974e+00 3.392982696725133676e-05
3.307649780744240875e+00 3.375105768360281747e-05
3.322932516398971803e+00 3.357323937412270179e-05
3.338285864731760810e+00 3.339624105674370887e-05
3.353710152002930656e+00 3.321991811972228571e-05
3.369205705980267140e+00 3.304414703899569557e-05
3.384772855945981096e+00 3.286878840311783313e-05
3.400411932703705897e+00 3.269373001558542363e-05
3.416123268585528283e+00 3.251885463407499886e-05
3.431907197459044490e+00 3.234405556352948612e-05
3.447764054734464345e+00 3.216922306606348074e-05
3.463694177371732685e+00 3.199426342009683736e-05
3.479697903887691623e+00 3.181908741784581786e-05
3.495775574363275240e+00 3.164360495929172199e-05
3.511927530450729584e+00 3.146773440825456278e-05
3.528154115380882860e+00 3.129140008898331489e-05
3.544455673970433818e+00 3.111453673580745190e-05
3.560832552629277892e+00 3.093707239959830527e-05
3.577285099367873311e+00 3.075894846476373828e-05
3.593813663804627634e+00 3.058010854131044948e-05
3.610418597173337130e+00 3.040050807733595456e-05
3.627100252330646590e+00 3.022009414417996874e-05
3.643858983763544224e+00 3.003882933603330531e-05
3.660695147596902288e+00 2.985668041346070878e-05
3.677609101601032382e+00 2.967361818011492145e-05
3.694601205199302463e+00 2.948961446330728423e-05
3.711671819475764966e+00 2.930465259232923489e-05
3.728821307182833777e+00 2.911872160242288013e-05
3.746050032748993175e+00 2.893181269831462512e-05
3.763358362286534753e+00 2.874392142821526538e-05
3.780746663599349411e+00 2.855505187807387877e-05
3.798215306190734442e+00 2.836521530869201826e-05
3.815764661271248581e+00 2.817442315140614192e-05
3.833395101766601254e+00 2.798269115479088786e-05
3.851107002325570683e+00 2.779004359041352556e-05
3.868900739327975735e+00 2.759650914230842364e-05
3.886776690892665531e+00 2.740211359007392749e-05
3.904735236885560123e+00 2.720688884046148186e-05
3.922776758927719598e+00 2.701087412331307043e-05
3.940901640403449591e+00 2.681410459897437038e-05
3.959110266468458761e+00 2.661661934400218123e-05
3.977403024058034475e+00 2.641845532443353912e-05
3.995780301895269560e+00 2.621965903816365242e-05
4.014242490499322358e+00 2.602026871549094437e-05
4.032789982193706990e+00 2.582032734455400023e-05
4.051423171114647559e+00 2.561987442754098872e-05
4.070142453219436796e+00 2.541895802573534800e-05
4.088948226294862209e+00 2.521761735278543165e-05
4.107840889965646447e+00 2.501589646571074688e-05
4.126820845702954266e+00 2.481383754476116006e-05
4.145888496832911052e+00 2.461148924404265331e-05
4.165044248545182626e+00 2.440889360179691249e-05
4.184288507901582577e+00 2.420609651994328127e-05
4.203621683844713353e+00 2.400314540462420373e-05
4.223044187206673961e+00 2.380009028756334405e-05
4.242556430717777438e+00 2.359697866424349919e-05
4.262158829015322503e+00 2.339385851173023020e-05
4.281851798652413166e+00 2.319078334115750025e-05
4.301635758106795215e+00 2.298780335474530815e-05
4.321511127789764650e+00 2.278497006701951427e-05
4.341478330055092094e+00 2.258233127777265799e-05
4.361537789208003169e+00 2.237994187608539922e-05
4.381689931514192615e+00 2.217784880279853298e-05
4.401935185208874834e+00 2.197610124907750282e-05
4.422273980505899260e+00 2.177474280277755435e-05
4.442706749606882610e+00 2.157382263009496526e-05
4.463233926710395316e+00 2.137338077239411122e-05
4.483855948021188809e+00 2.117345845304838397e-05
4.504573251759458330e+00 2.097409271589937324e-05
4.525386278170168808e+00 2.077532367222923704e-05
4.546295469532399380e+00 2.057718432951907228e-05
4.567301270168744765e+00 2.037970810002042455e-05
4.588404126454759258e+00 2.018292745316010265e-05
4.609604486828433600e+00 1.998687628684077991e-05
4.630902801799739343e+00 1.979158448019277791e-05
4.652299523960189198e+00 1.959708230167911546e-05
4.673795107992461340e+00 1.940340201923693145e-05
4.695390010680060122e+00 1.921057564576886619e-05
4.717084690917017653e+00 1.901863370496343961e-05
4.738879609717653096e+00 1.882760616166234902e-05
4.760775230226368393e+00 1.863752623555361168e-05
4.782772017727483060e+00 1.844842430100911599e-05
4.804870439655131165e+00 1.826032980064748299e-05
4.827070965603183161e+00 1.807327024222124128e-05
4.849374067335235239e+00 1.788727508069869806e-05
4.871780218794630635e+00 1.770236921987658376e-05
4.894289896114528915e+00 1.751857534325523336e-05
4.916903577628028543e+00 1.733591448334558481e-05
4.939621743878320537e+00 1.715440729463386696e-05
4.962444877628915840e+00 1.697407062625961200e-05
4.985373463873894018e+00 1.679491837945104482e-05
5.008407989848209674e+00 1.661696493089447266e-05
5.031548945038053944e+00 1.644022366857203146e-05
5.054796821191240852e+00 1.626470602968945692e-05
5.078152112327673606e+00 1.609042206107609449e-05
5.101615314749833985e+00 1.591738394561120198e-05
5.125186927053330344e+00 1.574560393539985805e-05
5.148867450137495361e+00 1.557509300519413836e-05
5.172657387216019309e+00 1.540586256734110315e-05
5.196557243827659711e+00 1.523792579795001915e-05
5.220567527846974976e+00 1.507129586080059927e-05
5.244688749495116653e+00 1.490598357249056274e-05
5.268921421350674095e+00 1.474200017972731539e-05
5.293266058360561743e+00 1.457935651351097413e-05
5.317723177850969485e+00 1.441806229313932716e-05
5.342293299538352080e+00 1.425812279420492036e-05
5.366976945540476329e+00 1.409954402812490719e-05
5.391774640387502870e+00 1.394232911238070578e-05
5.416686911033152363e+00 1.378648072612547165e-05
5.441714286865890315e+00 1.363199628025120302e-05
5.466857299720180308e+00 1.347887598168781006e-05
5.492116483887789613e+00 1.332711710423312809e-05
5.517492376129125908e+00 1.317671813090148435e-05
5.542985515684669018e+00 1.302767443446245968e-05
5.568596444286411540e+00 1.287998539205671381e-05
5.594325706169377632e+00 1.273364949312296145e-05
5.620173848083187984e+00 1.258866604787684219e-05
5.646141419303670084e+00 1.244503377764641773e-05
5.672228971644543094e+00 1.230275366902148048e-05
5.698437059469139143e+00 1.216182659385446437e-05
5.724766239702178794e+00 1.202225132359419679e-05
5.751217071841614015e+00 1.188402680015852801e-05
5.777790117970504014e+00 1.174715061546702438e-05
5.804485942768978113e+00 1.161162024483554981e-05
5.831305113526221717e+00 1.147742796404191268e-05
5.858248200152536000e+00 1.134456777071699259e-05
5.885315775191449994e+00 1.121302987727841539e-05
5.912508413831877974e+00 1.108280647358633408e-05
5.939826693920356782e+00 1.095388415271805139e-05
5.967271195973313347e+00 1.082625434534157100e-05
5.994842503189408589e+00 1.069990545026641718e-05
6.022541201461927507e+00 1.057482977697298037e-05
6.050367879391221670e+00 1.045101629401933480e-05
6.078323128297229871e+00 1.032845942792939396e-05
6.106407542232039631e+00 1.020715205700288618e-05
6.134621717992506440e+00 1.008708936596554537e-05
6.162966255132942273e+00 9.968264277737364027e-06
6.191441755977844075e+00 9.850672359576037227e-06
6.220048825634711953e+00 9.734307242511602745e-06
6.248788072006891348e+00 9.619161380119924023e-06
6.277660105806499580e+00 9.505225560832528814e-06
6.306665540567405692e+00 9.392489937849226434e-06
6.335804992658251145e+00 9.280944349952461645e-06
6.365079081295570873e+00 9.170575181204396238e-06
6.394488428556940107e+00 9.061371029662816003e-06
6.424033659394190465e+00 8.953318814420063289e-06
6.453715401646701544e+00 8.846408915368755751e-06
6.483534286054723594e+00 8.740628634633312253e-06
6.513490946272802340e+00 8.635970505766519962e-06
6.543586018883232214e+00 8.532425662288551044e-06
6.573820143409585093e+00 8.429989001884199891e-06
6.604193962330305645e+00 8.328652217540674020e-06
6.634708121092347533e+00 8.228410887060137713e-06
6.665363268124913532e+00 8.129257565458518784e-06
6.696160054853218746e+00 8.031186166531211076e-06
6.727099135712336420e+00 7.934186040458982126e-06
6.758181168161110364e+00 7.838248828672207322e-06
6.789406812696109128e+00 7.743362717712573684e-06
6.820776732865684977e+00 7.649516577728104102e-06
6.852291595284061287e+00 7.556697201083699892e-06
6.883952069645496330e+00 7.464893692422731991e-06
6.915758828738525210e+00 7.374095641676507440e-06
6.947712548460236448e+00 7.284292944632276743e-06
6.979813907830660469e+00 7.195477751926222318e-06
7.012063589007180298e+00 7.107643077364330704e-06
7.044462277299037289e+00 7.020784186043270463e-06
7.077010661181889262e+00 6.934894216002624601e-06
7.109709432312435240e+00 6.849968429847220346e-06
7.142559285543126357e+00 6.765999618279553259e-06
7.175560918936924715e+00 6.682981679799495275e-06
7.208715033782135073e+00 6.600903708382619273e-06
7.242022334607315592e+00 6.519757331449534086e-06
7.275483529196228538e+00 6.439530575307972266e-06
7.309099328602910894e+00 6.360214227482200340e-06
7.342870447166761849e+00 6.281795864002967124e-06
7.376797602527734199e+00 6.204267689565510579e-06
7.410881515641570161e+00 6.127620889477128010e-06
7.445122910795139326e+00 6.051849719736904963e-06
7.479522515621821022e+00 5.976947437773368532e-06
7.514081061116965721e+00 5.902910054990683064e-06
7.548799281653435500e+00 5.829732429659515167e-06
7.583677914997190683e+00 5.757408964595803865e-06
7.618717702322995500e+00 5.685932294892036334e-06
7.653919388230147725e+00 5.615294320002401324e-06
7.689283720758309570e+00 5.545486009600984338e-06
7.724811451403404305e+00 5.476495852359276421e-06
7.760503335133570602e+00 5.408313734386399926e-06
7.796360130405233235e+00 5.340928673864413334e-06
7.832382599179195992e+00 5.274332746743149904e-06
7.868571506936847371e+00 5.208516664687692151e-06
7.904927622696424017e+00 5.143475223542833326e-06
7.941451719029339884e+00 5.079202541830222956e-06
7.978144572076624641e+00 5.015695142198197723e-06
8.015006961565404708e+00 4.952946676084023084e-06
8.052039670825474005e+00 4.890952600210500664e-06
8.089243486805942851e+00 4.829704894338494556e-06
8.126619200091946382e+00 4.769196180003146009e-06
8.164167604921468424e+00 4.709415097999431316e-06
8.201889499202202671e+00 4.650352636360551546e-06
8.239785684528515119e+00 4.591997995410353440e-06
8.277856966198475774e+00 4.534342596098058334e-06
8.316104153230961415e+00 4.477377783581533103e-06
8.354528058382866718e+00 4.421097758545244032e-06
8.393129498166365110e+00 4.365497417131921373e-06
8.431909292866254901e+00 4.310571755564522894e-06
8.470868266557406656e+00 4.256315697304275299e-06
8.510007247122246099e+00 4.202722986942638153e-06
8.549327066268380904e+00 4.149786723061669791e-06
8.588828559546250574e+00 4.097496624573787510e-06
8.628512566366891789e+00 4.045843286523233406e-06
8.668379930019778357e+00 3.994815221005874500e-06
8.708431497690723333e+00 3.944403659040020316e-06
8.748668120479909049e+00 3.894598369870182635e-06
8.789090653419954435e+00 3.845393437251737635e-06
8.829699955494087149e+00 3.796782809866701913e-06
8.870496889654408079e+00 3.748763183366551355e-06
8.911482322840202031e+00 3.701329465376148362e-06
8.952657125996395848e+00 3.654478065399351325e-06
8.994022174092044963e+00 3.608202499943327348e-06
9.035578346138924744e+00 3.562496219817207786e-06
9.077326525210228425e+00 3.517349400895207762e-06
9.119267598459298796e+00 3.472753617335611616e-06
9.161402457138516198e+00 3.428699412658830143e-06
9.203731996618220279e+00 3.385178906300932738e-06
9.246257116405738330e+00 3.342185067429135364e-06
9.288978720164502434e+00 3.299712817677848015e-06
9.331897715733239451e+00 3.257758075944611594e-06
9.375015015145285346e+00 3.216316055884923617e-06
9.418331534647951031e+00 3.175382005173247847e-06
9.461848194721996563e+00 3.134949387114121540e-06
9.505565920101195942e+00 3.095011616406763231e-06
9.549485639791965852e+00 3.055559503645260987e-06
9.593608287093141840e+00 3.016585937853566715e-06
9.637934799615786474e+00 2.978083248232117652e-06
9.682466119303123619e+00 2.940046905630704136e-06
9.727203192450541991e+00 2.902472133936911803e-06
9.772146969725724830e+00 2.865356955777921778e-06
9.817298406188836424e+00 2.828698495097356972e-06
9.862658461312820535e+00 2.792494174747499575e-06
9.908228099003798306e+00 2.756738332634947264e-06
9.954008287621523010e+00 2.721425475579514195e-06
1.000000000000000000e+01 2.686547524524239753e-06
